0
0.0004
0.0008
0.0012
0.0016
0.002
0.0024
0.0028
0.0032
0.0036
0.0039999
0.0043999
0.0047999
0.0051999
0.0055998
0.0059998
0.0063997
0.0067997
0.0071996
0.0075995
0.0079995
0.0083994
0.0087993
0.0091992
0.0095991
0.009999
0.010399
0.010799
0.011199
0.011598
0.011998
0.012398
0.012798
0.013198
0.013597
0.013997
0.014397
0.014797
0.015196
0.015596
0.015996
0.016395
0.016795
0.017195
0.017594
0.017994
0.018394
0.018793
0.019193
0.019592
0.019992
0.020391
0.020791
0.02119
0.02159
0.021989
0.022388
0.022788
0.023187
0.023586
0.023986
0.024385
0.024784
0.025183
0.025583
0.025982
0.026381
0.02678
0.027179
0.027578
0.027977
0.028376
0.028775
0.029174
0.029573
0.029972
0.030371
0.03077
0.031168
0.031567
0.031966
0.032365
0.032763
0.033162
0.033561
0.033959
0.034358
0.034756
0.035155
0.035553
0.035951
0.03635
0.036748
0.037146
0.037545
0.037943
0.038341
0.038739
0.039137
0.039535
0.039933
0.040331
0.040729
0.041127
0.041525
0.041923
0.042321
0.042718
0.043116
0.043514
0.043911
0.044309
0.044706
0.045104
0.045501
0.045899
0.046296
0.046693
0.047091
0.047488
0.047885
0.048282
0.048679
0.049076
0.049473
0.04987
0.050267
0.050664
0.05106
0.051457
0.051854
0.05225
0.052647
0.053043
0.05344
0.053836
0.054232
0.054629
0.055025
0.055421
0.055817
0.056213
0.056609
0.057005
0.057401
0.057797
0.058193
0.058588
0.058984
0.05938
0.059775
0.060171
0.060566
0.060962
0.061357
0.061752
0.062147
0.062542
0.062937
0.063332
0.063727
0.064122
0.064517
0.064912
0.065306
0.065701
0.066095
0.06649
0.066884
0.067279
0.067673
0.068067
0.068461
0.068855
0.069249
0.069643
0.070037
0.070431
0.070825
0.071218
0.071612
0.072005
0.072399
0.072792
0.073185
0.073579
0.073972
0.074365
0.074758
0.075151
0.075544
0.075936
0.076329
0.076722
0.077114
0.077507
0.077899
0.078291
0.078684
0.079076
0.079468
0.07986
0.080252
0.080643
0.081035
0.081427
0.081818
0.08221
0.082601
0.082993
0.083384
0.083775
0.084166
0.084557
0.084948
0.085339
0.08573
0.08612
0.086511
0.086901
0.087292
0.087682
0.088072
0.088463
0.088853
0.089243
0.089632
0.090022
0.090412
0.090801
0.091191
0.09158
0.09197
0.092359
0.092748
0.093137
0.093526
0.093915
0.094304
0.094692
0.095081
0.09547
0.095858
0.096246
0.096634
0.097023
0.097411
0.097798
0.098186
0.098574
0.098962
0.099349
0.099737
0.10012
0.10051
0.1009
0.10129
0.10167
0.10206
0.10245
0.10283
0.10322
0.10361
0.10399
0.10438
0.10476
0.10515
0.10554
0.10592
0.10631
0.10669
0.10708
0.10746
0.10785
0.10823
0.10862
0.109
0.10939
0.10977
0.11016
0.11054
0.11093
0.11131
0.1117
0.11208
0.11246
0.11285
0.11323
0.11361
0.114
0.11438
0.11476
0.11515
0.11553
0.11591
0.1163
0.11668
0.11706
0.11744
0.11783
0.11821
0.11859
0.11897
0.11935
0.11974
0.12012
0.1205
0.12088
0.12126
0.12164
0.12202
0.1224
0.12279
0.12317
0.12355
0.12393
0.12431
0.12469
0.12507
0.12545
0.12583
0.12621
0.12659
0.12697
0.12734
0.12772
0.1281
0.12848
0.12886
0.12924
0.12962
0.13
0.13037
0.13075
0.13113
0.13151
0.13189
0.13226
0.13264
0.13302
0.13339
0.13377
0.13415
0.13453
0.1349
0.13528
0.13566
0.13603
0.13641
0.13678
0.13716
0.13753
0.13791
0.13829
0.13866
0.13904
0.13941
0.13979
0.14016
0.14054
0.14091
0.14128
0.14166
0.14203
0.14241
0.14278
0.14315
0.14353
0.1439
0.14427
0.14465
0.14502
0.14539
0.14576
0.14614
0.14651
0.14688
0.14725
0.14762
0.148
0.14837
0.14874
0.14911
0.14948
0.14985
0.15022
0.15059
0.15096
0.15134
0.15171
0.15208
0.15245
0.15281
0.15318
0.15355
0.15392
0.15429
0.15466
0.15503
0.1554
0.15577
0.15614
0.1565
0.15687
0.15724
0.15761
0.15798
0.15834
0.15871
0.15908
0.15944
0.15981
0.16018
0.16054
0.16091
0.16128
0.16164
0.16201
0.16237
0.16274
0.1631
0.16347
0.16383
0.1642
0.16456
0.16493
0.16529
0.16566
0.16602
0.16638
0.16675
0.16711
0.16748
0.16784
0.1682
0.16856
0.16893
0.16929
0.16965
0.17001
0.17038
0.17074
0.1711
0.17146
0.17182
0.17218
0.17254
0.1729
0.17327
0.17363
0.17399
0.17435
0.17471
0.17507
0.17543
0.17578
0.17614
0.1765
0.17686
0.17722
0.17758
0.17794
0.1783
0.17865
0.17901
0.17937
0.17973
0.18008
0.18044
0.1808
0.18115
0.18151
0.18187
0.18222
0.18258
0.18294
0.18329
0.18365
0.184
0.18436
0.18471
0.18507
0.18542
0.18578
0.18613
0.18648
0.18684
0.18719
0.18754
0.1879
0.18825
0.1886
0.18896
0.18931
0.18966
0.19001
0.19036
0.19072
0.19107
0.19142
0.19177
0.19212
0.19247
0.19282
0.19317
0.19352
0.19387
0.19422
0.19457
0.19492
0.19527
0.19562
0.19597
0.19632
0.19667
0.19701
0.19736
0.19771
0.19806
0.1984
0.19875
0.1991
0.19945
0.19979
0.20014
0.20049
0.20083
0.20118
0.20152
0.20187
0.20221
0.20256
0.2029
0.20325
0.20359
0.20394
0.20428
0.20462
0.20497
0.20531
0.20565
0.206
0.20634
0.20668
0.20703
0.20737
0.20771
0.20805
0.20839
0.20873
0.20907
0.20942
0.20976
0.2101
0.21044
0.21078
0.21112
0.21146
0.2118
0.21214
0.21247
0.21281
0.21315
0.21349
0.21383
0.21417
0.2145
0.21484
0.21518
0.21552
0.21585
0.21619
0.21653
0.21686
0.2172
0.21753
0.21787
0.2182
0.21854
0.21887
0.21921
0.21954
0.21988
0.22021
0.22055
0.22088
0.22121
0.22155
0.22188
0.22221
0.22254
0.22288
0.22321
0.22354
0.22387
0.2242
0.22453
0.22487
0.2252
0.22553
0.22586
0.22619
0.22652
0.22685
0.22718
0.2275
0.22783
0.22816
0.22849
0.22882
0.22915
0.22947
0.2298
0.23013
0.23046
0.23078
0.23111
0.23144
0.23176
0.23209
0.23241
0.23274
0.23306
0.23339
0.23371
0.23404
0.23436
0.23469
0.23501
0.23533
0.23566
0.23598
0.2363
0.23663
0.23695
0.23727
0.23759
0.23791
0.23824
0.23856
0.23888
0.2392
0.23952
0.23984
0.24016
0.24048
0.2408
0.24112
0.24144
0.24176
0.24207
0.24239
0.24271
0.24303
0.24335
0.24366
0.24398
0.2443
0.24461
0.24493
0.24525
0.24556
0.24588
0.24619
0.24651
0.24682
0.24714
0.24745
0.24777
0.24808
0.24839
0.24871
0.24902
0.24933
0.24965
0.24996
0.25027
0.25058
0.25089
0.25121
0.25152
0.25183
0.25214
0.25245
0.25276
0.25307
0.25338
0.25369
0.254
0.25431
0.25461
0.25492
0.25523
0.25554
0.25585
0.25615
0.25646
0.25677
0.25707
0.25738
0.25769
0.25799
0.2583
0.2586
0.25891
0.25921
0.25952
0.25982
0.26013
0.26043
0.26073
0.26104
0.26134
0.26164
0.26194
0.26225
0.26255
0.26285
0.26315
0.26345
0.26375
0.26405
0.26435
0.26465
0.26495
0.26525
0.26555
0.26585
0.26615
0.26645
0.26675
0.26705
0.26734
0.26764
0.26794
0.26823
0.26853
0.26883
0.26912
0.26942
0.26972
0.27001
0.27031
0.2706
0.27089
0.27119
0.27148
0.27178
0.27207
0.27236
0.27266
0.27295
0.27324
0.27353
0.27382
0.27412
0.27441
0.2747
0.27499
0.27528
0.27557
0.27586
0.27615
0.27644
0.27673
0.27701
0.2773
0.27759
0.27788
0.27817
0.27845
0.27874
0.27903
0.27931
0.2796
0.27989
0.28017
0.28046
0.28074
0.28103
0.28131
0.2816
0.28188
0.28216
0.28245
0.28273
0.28301
0.2833
0.28358
0.28386
0.28414
0.28442
0.2847
0.28498
0.28527
0.28555
0.28583
0.28611
0.28638
0.28666
0.28694
0.28722
0.2875
0.28778
0.28805
0.28833
0.28861
0.28889
0.28916
0.28944
0.28971
0.28999
0.29027
0.29054
0.29082
0.29109
0.29136
0.29164
0.29191
0.29219
0.29246
0.29273
0.293
0.29328
0.29355
0.29382
0.29409
0.29436
0.29463
0.2949
0.29517
0.29544
0.29571
0.29598
0.29625
0.29652
0.29679
0.29705
0.29732
0.29759
0.29786
0.29812
0.29839
0.29866
0.29892
0.29919
0.29945
0.29972
0.29998
0.30025
0.30051
0.30078
0.30104
0.3013
0.30157
0.30183
0.30209
0.30235
0.30261
0.30288
0.30314
0.3034
0.30366
0.30392
0.30418
0.30444
0.3047
0.30496
0.30522
0.30547
0.30573
0.30599
0.30625
0.3065
0.30676
0.30702
0.30727
0.30753
0.30779
0.30804
0.3083
0.30855
0.3088
0.30906
0.30931
0.30957
0.30982
0.31007
0.31032
0.31058
0.31083
0.31108
0.31133
0.31158
0.31183
0.31208
0.31233
0.31258
0.31283
0.31308
0.31333
0.31358
0.31383
0.31408
0.31432
0.31457
0.31482
0.31506
0.31531
0.31556
0.3158
0.31605
0.31629
0.31654
0.31678
0.31703
0.31727
0.31751
0.31776
0.318
0.31824
0.31848
0.31872
0.31897
0.31921
0.31945
0.31969
0.31993
0.32017
0.32041
0.32065
0.32089
0.32113
0.32136
0.3216
0.32184
0.32208
0.32231
0.32255
0.32279
0.32302
0.32326
0.32349
0.32373
0.32396
0.3242
0.32443
0.32467
0.3249
0.32513
0.32537
0.3256
0.32583
0.32606
0.32629
0.32653
0.32676
0.32699
0.32722
0.32745
0.32768
0.32791
0.32813
0.32836
0.32859
0.32882
0.32905
0.32927
0.3295
0.32973
0.32995
0.33018
0.33041
0.33063
0.33086
0.33108
0.33131
0.33153
0.33175
0.33198
0.3322
0.33242
0.33264
0.33287
0.33309
0.33331
0.33353
0.33375
0.33397
0.33419
0.33441
0.33463
0.33485
0.33507
0.33529
0.3355
0.33572
0.33594
0.33616
0.33637
0.33659
0.3368
0.33702
0.33724
0.33745
0.33766
0.33788
0.33809
0.33831
0.33852
0.33873
0.33895
0.33916
0.33937
0.33958
0.33979
0.34
0.34021
0.34042
0.34063
0.34084
0.34105
0.34126
0.34147
0.34168
0.34189
0.34209
0.3423
0.34251
0.34271
0.34292
0.34313
0.34333
0.34354
0.34374
0.34394
0.34415
0.34435
0.34456
0.34476
0.34496
0.34516
0.34537
0.34557
0.34577
0.34597
0.34617
0.34637
0.34657
0.34677
0.34697
0.34717
0.34737
0.34756
0.34776
0.34796
0.34816
0.34835
0.34855
0.34875
0.34894
0.34914
0.34933
0.34953
0.34972
0.34992
0.35011
0.3503
0.3505
0.35069
0.35088
0.35107
0.35126
0.35145
0.35165
0.35184
0.35203
0.35222
0.35241
0.35259
0.35278
0.35297
0.35316
0.35335
0.35353
0.35372
0.35391
0.35409
0.35428
0.35447
0.35465
0.35484
0.35502
0.3552
0.35539
0.35557
0.35575
0.35594
0.35612
0.3563
0.35648
0.35666
0.35685
0.35703
0.35721
0.35739
0.35757
0.35774
0.35792
0.3581
0.35828
0.35846
0.35863
0.35881
0.35899
0.35916
0.35934
0.35952
0.35969
0.35987
0.36004
0.36021
0.36039
0.36056
0.36073
0.36091
0.36108
0.36125
0.36142
0.36159
0.36176
0.36194
0.36211
0.36228
0.36244
0.36261
0.36278
0.36295
0.36312
0.36329
0.36345
0.36362
0.36379
0.36395
0.36412
0.36428
0.36445
0.36461
0.36478
0.36494
0.36511
0.36527
0.36543
0.36559
0.36576
0.36592
0.36608
0.36624
0.3664
0.36656
0.36672
0.36688
0.36704
0.3672
0.36736
0.36752
0.36767
0.36783
0.36799
0.36814
0.3683
0.36846
0.36861
0.36877
0.36892
0.36908
0.36923
0.36938
0.36954
0.36969
0.36984
0.36999
0.37015
0.3703
0.37045
0.3706
0.37075
0.3709
0.37105
0.3712
0.37135
0.3715
0.37164
0.37179
0.37194
0.37209
0.37223
0.37238
0.37253
0.37267
0.37282
0.37296
0.3731
0.37325
0.37339
0.37354
0.37368
0.37382
0.37396
0.37411
0.37425
0.37439
0.37453
0.37467
0.37481
0.37495
0.37509
0.37523
0.37536
0.3755
0.37564
0.37578
0.37591
0.37605
0.37619
0.37632
0.37646
0.37659
0.37673
0.37686
0.377
0.37713
0.37726
0.37739
0.37753
0.37766
0.37779
0.37792
0.37805
0.37818
0.37831
0.37844
0.37857
0.3787
0.37883
0.37896
0.37909
0.37921
0.37934
0.37947
0.37959
0.37972
0.37985
0.37997
0.3801
0.38022
0.38034
0.38047
0.38059
0.38071
0.38084
0.38096
0.38108
0.3812
0.38132
0.38144
0.38156
0.38168
0.3818
0.38192
0.38204
0.38216
0.38228
0.38239
0.38251
0.38263
0.38274
0.38286
0.38298
0.38309
0.38321
0.38332
0.38343
0.38355
0.38366
0.38377
0.38389
0.384
0.38411
0.38422
0.38433
0.38444
0.38455
0.38466
0.38477
0.38488
0.38499
0.3851
0.38521
0.38532
0.38542
0.38553
0.38564
0.38574
0.38585
0.38595
0.38606
0.38616
0.38627
0.38637
0.38647
0.38658
0.38668
0.38678
0.38688
0.38698
0.38709
0.38719
0.38729
0.38739
0.38749
0.38759
0.38768
0.38778
0.38788
0.38798
0.38807
0.38817
0.38827
0.38836
0.38846
0.38855
0.38865
0.38874
0.38884
0.38893
0.38902
0.38912
0.38921
0.3893
0.38939
0.38949
0.38958
0.38967
0.38976
0.38985
0.38994
0.39002
0.39011
0.3902
0.39029
0.39038
0.39046
0.39055
0.39064
0.39072
0.39081
0.39089
0.39098
0.39106
0.39115
0.39123
0.39131
0.3914
0.39148
0.39156
0.39164
0.39172
0.3918
0.39188
0.39196
0.39204
0.39212
0.3922
0.39228
0.39236
0.39243
0.39251
0.39259
0.39267
0.39274
0.39282
0.39289
0.39297
0.39304
0.39312
0.39319
0.39326
0.39334
0.39341
0.39348
0.39355
0.39362
0.39369
0.39376
0.39384
0.3939
0.39397
0.39404
0.39411
0.39418
0.39425
0.39432
0.39438
0.39445
0.39451
0.39458
0.39465
0.39471
0.39478
0.39484
0.3949
0.39497
0.39503
0.39509
0.39516
0.39522
0.39528
0.39534
0.3954
0.39546
0.39552
0.39558
0.39564
0.3957
0.39576
0.39581
0.39587
0.39593
0.39599
0.39604
0.3961
0.39615
0.39621
0.39626
0.39632
0.39637
0.39643
0.39648
0.39653
0.39658
0.39664
0.39669
0.39674
0.39679
0.39684
0.39689
0.39694
0.39699
0.39704
0.39709
0.39713
0.39718
0.39723
0.39727
0.39732
0.39737
0.39741
0.39746
0.3975
0.39755
0.39759
0.39764
0.39768
0.39772
0.39776
0.39781
0.39785
0.39789
0.39793
0.39797
0.39801
0.39805
0.39809
0.39813
0.39817
0.3982
0.39824
0.39828
0.39832
0.39835
0.39839
0.39842
0.39846
0.39849
0.39853
0.39856
0.3986
0.39863
0.39866
0.3987
0.39873
0.39876
0.39879
0.39882
0.39885
0.39888
0.39891
0.39894
0.39897
0.399
0.39903
0.39905
0.39908
0.39911
0.39913
0.39916
0.39919
0.39921
0.39924
0.39926
0.39929
0.39931
0.39933
0.39936
0.39938
0.3994
0.39942
0.39944
0.39946
0.39948
0.3995
0.39952
0.39954
0.39956
0.39958
0.3996
0.39962
0.39963
0.39965
0.39967
0.39968
0.3997
0.39971
0.39973
0.39974
0.39976
0.39977
0.39978
0.3998
0.39981
0.39982
0.39983
0.39985
0.39986
0.39987
0.39988
0.39989
0.3999
0.3999
0.39991
0.39992
0.39993
0.39994
0.39994
0.39995
0.39996
0.39996
0.39997
0.39997
0.39998
0.39998
0.39998
0.39999
0.39999
0.39999
0.4
0.4
0.4
0.4
0.4
0.4
0.4
0.4
0.4
0.4
0.39999
0.39999
0.39999
0.39999
0.39998
0.39998
0.39997
0.39997
0.39997
0.39996
0.39995
0.39995
0.39994
0.39993
0.39993
0.39992
0.39991
0.3999
0.39989
0.39988
0.39987
0.39986
0.39985
0.39984
0.39983
0.39982
0.39981
0.39979
0.39978
0.39977
0.39975
0.39974
0.39972
0.39971
0.39969
0.39968
0.39966
0.39964
0.39963
0.39961
0.39959
0.39957
0.39955
0.39954
0.39952
0.3995
0.39948
0.39946
0.39943
0.39941
0.39939
0.39937
0.39935
0.39932
0.3993
0.39928
0.39925
0.39923
0.3992
0.39918
0.39915
0.39912
0.3991
0.39907
0.39904
0.39901
0.39899
0.39896
0.39893
0.3989
0.39887
0.39884
0.39881
0.39878
0.39875
0.39871
0.39868
0.39865
0.39862
0.39858
0.39855
0.39851
0.39848
0.39845
0.39841
0.39837
0.39834
0.3983
0.39826
0.39823
0.39819
0.39815
0.39811
0.39807
0.39803
0.39799
0.39795
0.39791
0.39787
0.39783
0.39779
0.39775
0.3977
0.39766
0.39762
0.39757
0.39753
0.39748
0.39744
0.39739
0.39735
0.3973
0.39726
0.39721
0.39716
0.39711
0.39707
0.39702
0.39697
0.39692
0.39687
0.39682
0.39677
0.39672
0.39667
0.39661
0.39656
0.39651
0.39646
0.3964
0.39635
0.3963
0.39624
0.39619
0.39613
0.39608
0.39602
0.39596
0.39591
0.39585
0.39579
0.39573
0.39567
0.39562
0.39556
0.3955
0.39544
0.39538
0.39531
0.39525
0.39519
0.39513
0.39507
0.395
0.39494
0.39488
0.39481
0.39475
0.39468
0.39462
0.39455
0.39449
0.39442
0.39435
0.39429
0.39422
0.39415
0.39408
0.39402
0.39395
0.39388
0.39381
0.39374
0.39367
0.39359
0.39352
0.39345
0.39338
0.39331
0.39323
0.39316
0.39309
0.39301
0.39294
0.39286
0.39279
0.39271
0.39263
0.39256
0.39248
0.3924
0.39233
0.39225
0.39217
0.39209
0.39201
0.39193
0.39185
0.39177
0.39169
0.39161
0.39153
0.39144
0.39136
0.39128
0.3912
0.39111
0.39103
0.39094
0.39086
0.39077
0.39069
0.3906
0.39052
0.39043
0.39034
0.39025
0.39017
0.39008
0.38999
0.3899
0.38981
0.38972
0.38963
0.38954
0.38945
0.38936
0.38926
0.38917
0.38908
0.38899
0.38889
0.3888
0.38871
0.38861
0.38852
0.38842
0.38832
0.38823
0.38813
0.38804
0.38794
0.38784
0.38774
0.38764
0.38754
0.38745
0.38735
0.38725
0.38715
0.38704
0.38694
0.38684
0.38674
0.38664
0.38654
0.38643
0.38633
0.38622
0.38612
0.38602
0.38591
0.38581
0.3857
0.38559
0.38549
0.38538
0.38527
0.38516
0.38506
0.38495
0.38484
0.38473
0.38462
0.38451
0.3844
0.38429
0.38418
0.38407
0.38395
0.38384
0.38373
0.38362
0.3835
0.38339
0.38327
0.38316
0.38304
0.38293
0.38281
0.3827
0.38258
0.38246
0.38235
0.38223
0.38211
0.38199
0.38187
0.38175
0.38163
0.38151
0.38139
0.38127
0.38115
0.38103
0.38091
0.38079
0.38066
0.38054
0.38042
0.38029
0.38017
0.38004
0.37992
0.37979
0.37967
0.37954
0.37942
0.37929
0.37916
0.37903
0.37891
0.37878
0.37865
0.37852
0.37839
0.37826
0.37813
0.378
0.37787
0.37774
0.37761
0.37747
0.37734
0.37721
0.37707
0.37694
0.37681
0.37667
0.37654
0.3764
0.37627
0.37613
0.37599
0.37586
0.37572
0.37558
0.37545
0.37531
0.37517
0.37503
0.37489
0.37475
0.37461
0.37447
0.37433
0.37419
0.37405
0.37391
0.37376
0.37362
0.37348
0.37333
0.37319
0.37305
0.3729
0.37276
0.37261
0.37247
0.37232
0.37217
0.37203
0.37188
0.37173
0.37158
0.37144
0.37129
0.37114
0.37099
0.37084
0.37069
0.37054
0.37039
0.37024
0.37008
0.36993
0.36978
0.36963
0.36947
0.36932
0.36917
0.36901
0.36886
0.3687
0.36855
0.36839
0.36824
0.36808
0.36792
0.36777
0.36761
0.36745
0.36729
0.36713
0.36698
0.36682
0.36666
0.3665
0.36634
0.36617
0.36601
0.36585
0.36569
0.36553
0.36537
0.3652
0.36504
0.36488
0.36471
0.36455
0.36438
0.36422
0.36405
0.36389
0.36372
0.36355
0.36339
0.36322
0.36305
0.36288
0.36271
0.36254
0.36238
0.36221
0.36204
0.36187
0.3617
0.36152
0.36135
0.36118
0.36101
0.36084
0.36066
0.36049
0.36032
0.36014
0.35997
0.35979
0.35962
0.35944
0.35927
0.35909
0.35892
0.35874
0.35856
0.35838
0.35821
0.35803
0.35785
0.35767
0.35749
0.35731
0.35713
0.35695
0.35677
0.35659
0.35641
0.35623
0.35605
0.35586
0.35568
0.3555
0.35531
0.35513
0.35494
0.35476
0.35458
0.35439
0.3542
0.35402
0.35383
0.35365
0.35346
0.35327
0.35308
0.35289
0.35271
0.35252
0.35233
0.35214
0.35195
0.35176
0.35157
0.35138
0.35119
0.35099
0.3508
0.35061
0.35042
0.35022
0.35003
0.34984
0.34964
0.34945
0.34925
0.34906
0.34886
0.34867
0.34847
0.34827
0.34808
0.34788
0.34768
0.34748
0.34729
0.34709
0.34689
0.34669
0.34649
0.34629
0.34609
0.34589
0.34569
0.34549
0.34528
0.34508
0.34488
0.34468
0.34447
0.34427
0.34407
0.34386
0.34366
0.34345
0.34325
0.34304
0.34284
0.34263
0.34242
0.34222
0.34201
0.3418
0.34159
0.34138
0.34118
0.34097
0.34076
0.34055
0.34034
0.34013
0.33992
0.33971
0.33949
0.33928
0.33907
0.33886
0.33865
0.33843
0.33822
0.33801
0.33779
0.33758
0.33736
0.33715
0.33693
0.33672
0.3365
0.33628
0.33607
0.33585
0.33563
0.33541
0.3352
0.33498
0.33476
0.33454
0.33432
0.3341
0.33388
0.33366
0.33344
0.33322
0.333
0.33278
0.33255
0.33233
0.33211
0.33189
0.33166
0.33144
0.33121
0.33099
0.33076
0.33054
0.33031
0.33009
0.32986
0.32964
0.32941
0.32918
0.32895
0.32873
0.3285
0.32827
0.32804
0.32781
0.32758
0.32735
0.32712
0.32689
0.32666
0.32643
0.3262
0.32597
0.32574
0.3255
0.32527
0.32504
0.32481
0.32457
0.32434
0.3241
0.32387
0.32363
0.3234
0.32316
0.32293
0.32269
0.32245
0.32222
0.32198
0.32174
0.32151
0.32127
0.32103
0.32079
0.32055
0.32031
0.32007
0.31983
0.31959
0.31935
0.31911
0.31887
0.31863
0.31838
0.31814
0.3179
0.31766
0.31741
0.31717
0.31693
0.31668
0.31644
0.31619
0.31595
0.3157
0.31546
0.31521
0.31496
0.31472
0.31447
0.31422
0.31397
0.31373
0.31348
0.31323
0.31298
0.31273
0.31248
0.31223
0.31198
0.31173
0.31148
0.31123
0.31098
0.31073
0.31047
0.31022
0.30997
0.30972
0.30946
0.30921
0.30896
0.3087
0.30845
0.30819
0.30794
0.30768
0.30743
0.30717
0.30691
0.30666
0.3064
0.30614
0.30588
0.30563
0.30537
0.30511
0.30485
0.30459
0.30433
0.30407
0.30381
0.30355
0.30329
0.30303
0.30277
0.30251
0.30225
0.30198
0.30172
0.30146
0.3012
0.30093
0.30067
0.3004
0.30014
0.29988
0.29961
0.29935
0.29908
0.29881
0.29855
0.29828
0.29802
0.29775
0.29748
0.29721
0.29695
0.29668
0.29641
0.29614
0.29587
0.2956
0.29533
0.29506
0.29479
0.29452
0.29425
0.29398
0.29371
0.29344
0.29316
0.29289
0.29262
0.29235
0.29207
0.2918
0.29153
0.29125
0.29098
0.2907
0.29043
0.29015
0.28988
0.2896
0.28933
0.28905
0.28877
0.2885
0.28822
0.28794
0.28766
0.28739
0.28711
0.28683
0.28655
0.28627
0.28599
0.28571
0.28543
0.28515
0.28487
0.28459
0.28431
0.28403
0.28374
0.28346
0.28318
0.2829
0.28261
0.28233
0.28205
0.28176
0.28148
0.2812
0.28091
0.28063
0.28034
0.28006
0.27977
0.27948
0.2792
0.27891
0.27862
0.27834
0.27805
0.27776
0.27747
0.27719
0.2769
0.27661
0.27632
0.27603
0.27574
0.27545
0.27516
0.27487
0.27458
0.27429
0.274
0.27371
0.27341
0.27312
0.27283
0.27254
0.27224
0.27195
0.27166
0.27136
0.27107
0.27077
0.27048
0.27019
0.26989
0.26959
0.2693
0.269
0.26871
0.26841
0.26811
0.26782
0.26752
0.26722
0.26692
0.26663
0.26633
0.26603
0.26573
0.26543
0.26513
0.26483
0.26453
0.26423
0.26393
0.26363
0.26333
0.26303
0.26273
0.26243
0.26212
0.26182
0.26152
0.26122
0.26091
0.26061
0.26031
0.26
0.2597
0.25939
0.25909
0.25878
0.25848
0.25817
0.25787
0.25756
0.25726
0.25695
0.25664
0.25634
0.25603
0.25572
0.25541
0.25511
0.2548
0.25449
0.25418
0.25387
0.25356
0.25325
0.25294
0.25263
0.25232
0.25201
0.2517
0.25139
0.25108
0.25077
0.25046
0.25014
0.24983
0.24952
0.24921
0.24889
0.24858
0.24827
0.24795
0.24764
0.24732
0.24701
0.2467
0.24638
0.24607
0.24575
0.24543
0.24512
0.2448
0.24449
0.24417
0.24385
0.24353
0.24322
0.2429
0.24258
0.24226
0.24194
0.24163
0.24131
0.24099
0.24067
0.24035
0.24003
0.23971
0.23939
0.23907
0.23875
0.23843
0.23811
0.23778
0.23746
0.23714
0.23682
0.2365
0.23617
0.23585
0.23553
0.2352
0.23488
0.23456
0.23423
0.23391
0.23358
0.23326
0.23293
0.23261
0.23228
0.23196
0.23163
0.2313
0.23098
0.23065
0.23032
0.23
0.22967
0.22934
0.22901
0.22869
0.22836
0.22803
0.2277
0.22737
0.22704
0.22671
0.22638
0.22605
0.22572
0.22539
0.22506
0.22473
0.2244
0.22407
0.22374
0.22341
0.22307
0.22274
0.22241
0.22208
0.22174
0.22141
0.22108
0.22074
0.22041
0.22008
0.21974
0.21941
0.21907
0.21874
0.2184
0.21807
0.21773
0.2174
0.21706
0.21673
0.21639
0.21605
0.21572
0.21538
0.21504
0.2147
0.21437
0.21403
0.21369
0.21335
0.21301
0.21268
0.21234
0.212
0.21166
0.21132
0.21098
0.21064
0.2103
0.20996
0.20962
0.20928
0.20894
0.20859
0.20825
0.20791
0.20757
0.20723
0.20689
0.20654
0.2062
0.20586
0.20551
0.20517
0.20483
0.20448
0.20414
0.2038
0.20345
0.20311
0.20276
0.20242
0.20207
0.20173
0.20138
0.20104
0.20069
0.20034
0.2
0.19965
0.1993
0.19896
0.19861
0.19826
0.19792
0.19757
0.19722
0.19687
0.19652
0.19618
0.19583
0.19548
0.19513
0.19478
0.19443
0.19408
0.19373
0.19338
0.19303
0.19268
0.19233
0.19198
0.19163
0.19128
0.19092
0.19057
0.19022
0.18987
0.18952
0.18916
0.18881
0.18846
0.18811
0.18775
0.1874
0.18705
0.18669
0.18634
0.18599
0.18563
0.18528
0.18492
0.18457
0.18421
0.18386
0.1835
0.18315
0.18279
0.18243
0.18208
0.18172
0.18137
0.18101
0.18065
0.1803
0.17994
0.17958
0.17922
0.17887
0.17851
0.17815
0.17779
0.17743
0.17707
0.17672
0.17636
0.176
0.17564
0.17528
0.17492
0.17456
0.1742
0.17384
0.17348
0.17312
0.17276
0.1724
0.17204
0.17167
0.17131
0.17095
0.17059
0.17023
0.16987
0.1695
0.16914
0.16878
0.16842
0.16805
0.16769
0.16733
0.16696
0.1666
0.16624
0.16587
0.16551
0.16514
0.16478
0.16442
0.16405
0.16369
0.16332
0.16296
0.16259
0.16222
0.16186
0.16149
0.16113
0.16076
0.16039
0.16003
0.15966
0.15929
0.15893
0.15856
0.15819
0.15783
0.15746
0.15709
0.15672
0.15635
0.15599
0.15562
0.15525
0.15488
0.15451
0.15414
0.15377
0.1534
0.15303
0.15266
0.15229
0.15192
0.15155
0.15118
0.15081
0.15044
0.15007
0.1497
0.14933
0.14896
0.14859
0.14822
0.14785
0.14747
0.1471
0.14673
0.14636
0.14599
0.14561
0.14524
0.14487
0.14449
0.14412
0.14375
0.14337
0.143
0.14263
0.14225
0.14188
0.14151
0.14113
0.14076
0.14038
0.14001
0.13963
0.13926
0.13888
0.13851
0.13813
0.13776
0.13738
0.13701
0.13663
0.13625
0.13588
0.1355
0.13513
0.13475
0.13437
0.134
0.13362
0.13324
0.13286
0.13249
0.13211
0.13173
0.13135
0.13098
0.1306
0.13022
0.12984
0.12946
0.12908
0.12871
0.12833
0.12795
0.12757
0.12719
0.12681
0.12643
0.12605
0.12567
0.12529
0.12491
0.12453
0.12415
0.12377
0.12339
0.12301
0.12263
0.12225
0.12187
0.12149
0.12111
0.12072
0.12034
0.11996
0.11958
0.1192
0.11882
0.11843
0.11805
0.11767
0.11729
0.11691
0.11652
0.11614
0.11576
0.11537
0.11499
0.11461
0.11422
0.11384
0.11346
0.11307
0.11269
0.11231
0.11192
0.11154
0.11115
0.11077
0.11039
0.11
0.10962
0.10923
0.10885
0.10846
0.10808
0.10769
0.10731
0.10692
0.10654
0.10615
0.10576
0.10538
0.10499
0.10461
0.10422
0.10383
0.10345
0.10306
0.10267
0.10229
0.1019
0.10151
0.10113
0.10074
0.10035
0.099966
0.099579
0.099191
0.098804
0.098416
0.098028
0.09764
0.097252
0.096864
0.096476
0.096088
0.0957
0.095311
0.094923
0.094534
0.094145
0.093757
0.093368
0.092979
0.09259
0.0922
0.091811
0.091422
0.091032
0.090643
0.090253
0.089863
0.089474
0.089084
0.088694
0.088304
0.087913
0.087523
0.087133
0.086742
0.086352
0.085961
0.085571
0.08518
0.084789
0.084398
0.084007
0.083616
0.083225
0.082833
0.082442
0.08205
0.081659
0.081267
0.080876
0.080484
0.080092
0.0797
0.079308
0.078916
0.078524
0.078132
0.077739
0.077347
0.076954
0.076562
0.076169
0.075776
0.075384
0.074991
0.074598
0.074205
0.073812
0.073418
0.073025
0.072632
0.072239
0.071845
0.071452
0.071058
0.070664
0.07027
0.069877
0.069483
0.069089
0.068695
0.068301
0.067907
0.067512
0.067118
0.066724
0.066329
0.065935
0.06554
0.065146
0.064751
0.064356
0.063961
0.063566
0.063171
0.062776
0.062381
0.061986
0.061591
0.061196
0.0608
0.060405
0.06001
0.059614
0.059219
0.058823
0.058427
0.058032
0.057636
0.05724
0.056844
0.056448
0.056052
0.055656
0.05526
0.054864
0.054467
0.054071
0.053675
0.053278
0.052882
0.052485
0.052089
0.051692
0.051295
0.050899
0.050502
0.050105
0.049708
0.049311
0.048914
0.048517
0.04812
0.047723
0.047326
0.046929
0.046531
0.046134
0.045737
0.045339
0.044942
0.044544
0.044147
0.043749
0.043352
0.042954
0.042556
0.042159
0.041761
0.041363
0.040965
0.040567
0.040169
0.039771
0.039373
0.038975
0.038577
0.038179
0.037781
0.037382
0.036984
0.036586
0.036188
0.035789
0.035391
0.034992
0.034594
0.034195
0.033797
0.033398
0.033
0.032601
0.032202
0.031803
0.031405
0.031006
0.030607
0.030208
0.029809
0.02941
0.029012
0.028613
0.028214
0.027815
0.027416
0.027016
0.026617
0.026218
0.025819
0.02542
0.025021
0.024621
0.024222
0.023823
0.023424
0.023024
0.022625
0.022226
0.021826
0.021427
0.021027
0.020628
0.020228
0.019829
0.019429
0.01903
0.01863
0.018231
0.017831
0.017432
0.017032
0.016632
0.016233
0.015833
0.015433
0.015034
0.014634
0.014234
0.013834
0.013435
0.013035
0.012635
0.012235
0.011835
0.011436
0.011036
0.010636
0.010236
0.0098361
0.0094362
0.0090363
0.0086364
0.0082365
0.0078366
0.0074366
0.0070367
0.0066368
0.0062368
0.0058369
0.0054369
0.0050369
0.004637
0.004237
0.003837
0.003437
0.003037
0.002637
0.002237
0.0018371
0.0014371
0.0010371
0.00063706
0.00023706
-0.00016294
-0.00056294
-0.00096294
-0.0013629
-0.0017629
-0.0021629
-0.0025629
-0.0029629
-0.0033629
-0.0037629
-0.0041629
-0.0045628
-0.0049628
-0.0053628
-0.0057627
-0.0061627
-0.0065626
-0.0069626
-0.0073625
-0.0077625
-0.0081624
-0.0085623
-0.0089622
-0.0093621
-0.009762
-0.010162
-0.010562
-0.010962
-0.011361
-0.011761
-0.012161
-0.012561
-0.012961
-0.01336
-0.01376
-0.01416
-0.01456
-0.014959
-0.015359
-0.015759
-0.016159
-0.016558
-0.016958
-0.017357
-0.017757
-0.018157
-0.018556
-0.018956
-0.019355
-0.019755
-0.020154
-0.020554
-0.020953
-0.021353
-0.021752
-0.022152
-0.022551
-0.02295
-0.02335
-0.023749
-0.024148
-0.024548
-0.024947
-0.025346
-0.025745
-0.026144
-0.026543
-0.026943
-0.027342
-0.027741
-0.02814
-0.028539
-0.028938
-0.029337
-0.029735
-0.030134
-0.030533
-0.030932
-0.031331
-0.03173
-0.032128
-0.032527
-0.032926
-0.033324
-0.033723
-0.034121
-0.03452
-0.034918
-0.035317
-0.035715
-0.036114
-0.036512
-0.03691
-0.037309
-0.037707
-0.038105
-0.038503
-0.038901
-0.039299
-0.039697
-0.040095
-0.040493
-0.040891
-0.041289
-0.041687
-0.042085
-0.042483
-0.04288
-0.043278
-0.043676
-0.044073
-0.044471
-0.044868
-0.045266
-0.045663
-0.046061
-0.046458
-0.046855
-0.047252
-0.04765
-0.048047
-0.048444
-0.048841
-0.049238
-0.049635
-0.050032
-0.050428
-0.050825
-0.051222
-0.051619
-0.052015
-0.052412
-0.052808
-0.053205
-0.053601
-0.053998
-0.054394
-0.05479
-0.055186
-0.055582
-0.055979
-0.056375
-0.056771
-0.057167
-0.057562
-0.057958
-0.058354
-0.05875
-0.059145
-0.059541
-0.059936
-0.060332
-0.060727
-0.061123
-0.061518
-0.061913
-0.062308
-0.062703
-0.063098
-0.063493
-0.063888
-0.064283
-0.064678
-0.065072
-0.065467
-0.065862
-0.066256
-0.066651
-0.067045
-0.067439
-0.067834
-0.068228
-0.068622
-0.069016
-0.06941
-0.069804
-0.070198
-0.070591
-0.070985
-0.071379
-0.071772
-0.072166
-0.072559
-0.072952
-0.073346
-0.073739
-0.074132
-0.074525
-0.074918
-0.075311
-0.075704
-0.076096
-0.076489
-0.076882
-0.077274
-0.077666
-0.078059
-0.078451
-0.078843
-0.079235
-0.079627
-0.080019
-0.080411
-0.080803
-0.081195
-0.081586
-0.081978
-0.082369
-0.082761
-0.083152
-0.083543
-0.083934
-0.084326
-0.084716
-0.085107
-0.085498
-0.085889
-0.086279
-0.08667
-0.08706
-0.087451
-0.087841
-0.088231
-0.088621
-0.089011
-0.089401
-0.089791
-0.090181
-0.090571
-0.09096
-0.09135
-0.091739
-0.092128
-0.092518
-0.092907
-0.093296
-0.093685
-0.094073
-0.094462
-0.094851
-0.095239
-0.095628
-0.096016
-0.096404
-0.096793
-0.097181
-0.097569
-0.097956
-0.098344
-0.098732
-0.099119
-0.099507
-0.099894
-0.10028
-0.10067
-0.10106
-0.10144
-0.10183
-0.10222
-0.1026
-0.10299
-0.10338
-0.10376
-0.10415
-0.10453
-0.10492
-0.10531
-0.10569
-0.10608
-0.10646
-0.10685
-0.10724
-0.10762
-0.10801
-0.10839
-0.10878
-0.10916
-0.10955
-0.10993
-0.11031
-0.1107
-0.11108
-0.11147
-0.11185
-0.11224
-0.11262
-0.113
-0.11339
-0.11377
-0.11415
-0.11454
-0.11492
-0.1153
-0.11569
-0.11607
-0.11645
-0.11683
-0.11722
-0.1176
-0.11798
-0.11836
-0.11875
-0.11913
-0.11951
-0.11989
-0.12027
-0.12065
-0.12104
-0.12142
-0.1218
-0.12218
-0.12256
-0.12294
-0.12332
-0.1237
-0.12408
-0.12446
-0.12484
-0.12522
-0.1256
-0.12598
-0.12636
-0.12674
-0.12712
-0.1275
-0.12788
-0.12826
-0.12864
-0.12901
-0.12939
-0.12977
-0.13015
-0.13053
-0.13091
-0.13128
-0.13166
-0.13204
-0.13242
-0.13279
-0.13317
-0.13355
-0.13393
-0.1343
-0.13468
-0.13506
-0.13543
-0.13581
-0.13618
-0.13656
-0.13694
-0.13731
-0.13769
-0.13806
-0.13844
-0.13881
-0.13919
-0.13956
-0.13994
-0.14031
-0.14069
-0.14106
-0.14144
-0.14181
-0.14218
-0.14256
-0.14293
-0.14331
-0.14368
-0.14405
-0.14443
-0.1448
-0.14517
-0.14554
-0.14592
-0.14629
-0.14666
-0.14703
-0.1474
-0.14778
-0.14815
-0.14852
-0.14889
-0.14926
-0.14963
-0.15
-0.15037
-0.15075
-0.15112
-0.15149
-0.15186
-0.15223
-0.1526
-0.15297
-0.15334
-0.1537
-0.15407
-0.15444
-0.15481
-0.15518
-0.15555
-0.15592
-0.15629
-0.15665
-0.15702
-0.15739
-0.15776
-0.15812
-0.15849
-0.15886
-0.15923
-0.15959
-0.15996
-0.16033
-0.16069
-0.16106
-0.16143
-0.16179
-0.16216
-0.16252
-0.16289
-0.16325
-0.16362
-0.16398
-0.16435
-0.16471
-0.16508
-0.16544
-0.16581
-0.16617
-0.16653
-0.1669
-0.16726
-0.16762
-0.16799
-0.16835
-0.16871
-0.16907
-0.16944
-0.1698
-0.17016
-0.17052
-0.17088
-0.17125
-0.17161
-0.17197
-0.17233
-0.17269
-0.17305
-0.17341
-0.17377
-0.17413
-0.17449
-0.17485
-0.17521
-0.17557
-0.17593
-0.17629
-0.17665
-0.17701
-0.17737
-0.17773
-0.17808
-0.17844
-0.1788
-0.17916
-0.17951
-0.17987
-0.18023
-0.18059
-0.18094
-0.1813
-0.18166
-0.18201
-0.18237
-0.18272
-0.18308
-0.18344
-0.18379
-0.18415
-0.1845
-0.18486
-0.18521
-0.18557
-0.18592
-0.18627
-0.18663
-0.18698
-0.18733
-0.18769
-0.18804
-0.18839
-0.18875
-0.1891
-0.18945
-0.1898
-0.19016
-0.19051
-0.19086
-0.19121
-0.19156
-0.19191
-0.19226
-0.19261
-0.19297
-0.19332
-0.19367
-0.19402
-0.19437
-0.19471
-0.19506
-0.19541
-0.19576
-0.19611
-0.19646
-0.19681
-0.19716
-0.1975
-0.19785
-0.1982
-0.19855
-0.19889
-0.19924
-0.19959
-0.19993
-0.20028
-0.20063
-0.20097
-0.20132
-0.20166
-0.20201
-0.20235
-0.2027
-0.20304
-0.20339
-0.20373
-0.20408
-0.20442
-0.20476
-0.20511
-0.20545
-0.20579
-0.20614
-0.20648
-0.20682
-0.20716
-0.20751
-0.20785
-0.20819
-0.20853
-0.20887
-0.20921
-0.20955
-0.2099
-0.21024
-0.21058
-0.21092
-0.21126
-0.2116
-0.21193
-0.21227
-0.21261
-0.21295
-0.21329
-0.21363
-0.21397
-0.2143
-0.21464
-0.21498
-0.21532
-0.21565
-0.21599
-0.21633
-0.21666
-0.217
-0.21733
-0.21767
-0.21801
-0.21834
-0.21868
-0.21901
-0.21935
-0.21968
-0.22001
-0.22035
-0.22068
-0.22102
-0.22135
-0.22168
-0.22201
-0.22235
-0.22268
-0.22301
-0.22334
-0.22368
-0.22401
-0.22434
-0.22467
-0.225
-0.22533
-0.22566
-0.22599
-0.22632
-0.22665
-0.22698
-0.22731
-0.22764
-0.22797
-0.2283
-0.22862
-0.22895
-0.22928
-0.22961
-0.22994
-0.23026
-0.23059
-0.23092
-0.23124
-0.23157
-0.2319
-0.23222
-0.23255
-0.23287
-0.2332
-0.23352
-0.23385
-0.23417
-0.2345
-0.23482
-0.23514
-0.23547
-0.23579
-0.23611
-0.23644
-0.23676
-0.23708
-0.2374
-0.23772
-0.23805
-0.23837
-0.23869
-0.23901
-0.23933
-0.23965
-0.23997
-0.24029
-0.24061
-0.24093
-0.24125
-0.24157
-0.24189
-0.2422
-0.24252
-0.24284
-0.24316
-0.24348
-0.24379
-0.24411
-0.24443
-0.24474
-0.24506
-0.24538
-0.24569
-0.24601
-0.24632
-0.24664
-0.24695
-0.24727
-0.24758
-0.24789
-0.24821
-0.24852
-0.24884
-0.24915
-0.24946
-0.24977
-0.25009
-0.2504
-0.25071
-0.25102
-0.25133
-0.25164
-0.25195
-0.25227
-0.25258
-0.25289
-0.2532
-0.2535
-0.25381
-0.25412
-0.25443
-0.25474
-0.25505
-0.25536
-0.25566
-0.25597
-0.25628
-0.25659
-0.25689
-0.2572
-0.25751
-0.25781
-0.25812
-0.25842
-0.25873
-0.25903
-0.25934
-0.25964
-0.25995
-0.26025
-0.26055
-0.26086
-0.26116
-0.26146
-0.26177
-0.26207
-0.26237
-0.26267
-0.26297
-0.26327
-0.26358
-0.26388
-0.26418
-0.26448
-0.26478
-0.26508
-0.26538
-0.26568
-0.26597
-0.26627
-0.26657
-0.26687
-0.26717
-0.26746
-0.26776
-0.26806
-0.26836
-0.26865
-0.26895
-0.26924
-0.26954
-0.26984
-0.27013
-0.27043
-0.27072
-0.27101
-0.27131
-0.2716
-0.2719
-0.27219
-0.27248
-0.27277
-0.27307
-0.27336
-0.27365
-0.27394
-0.27423
-0.27453
-0.27482
-0.27511
-0.2754
-0.27569
-0.27598
-0.27627
-0.27655
-0.27684
-0.27713
-0.27742
-0.27771
-0.278
-0.27828
-0.27857
-0.27886
-0.27914
-0.27943
-0.27972
-0.28
-0.28029
-0.28057
-0.28086
-0.28114
-0.28143
-0.28171
-0.282
-0.28228
-0.28256
-0.28285
-0.28313
-0.28341
-0.28369
-0.28397
-0.28426
-0.28454
-0.28482
-0.2851
-0.28538
-0.28566
-0.28594
-0.28622
-0.2865
-0.28678
-0.28706
-0.28733
-0.28761
-0.28789
-0.28817
-0.28845
-0.28872
-0.289
-0.28928
-0.28955
-0.28983
-0.2901
-0.29038
-0.29065
-0.29093
-0.2912
-0.29148
-0.29175
-0.29202
-0.2923
-0.29257
-0.29284
-0.29311
-0.29339
-0.29366
-0.29393
-0.2942
-0.29447
-0.29474
-0.29501
-0.29528
-0.29555
-0.29582
-0.29609
-0.29636
-0.29663
-0.2969
-0.29716
-0.29743
-0.2977
-0.29797
-0.29823
-0.2985
-0.29877
-0.29903
-0.2993
-0.29956
-0.29983
-0.30009
-0.30036
-0.30062
-0.30088
-0.30115
-0.30141
-0.30167
-0.30194
-0.3022
-0.30246
-0.30272
-0.30298
-0.30324
-0.3035
-0.30376
-0.30402
-0.30428
-0.30454
-0.3048
-0.30506
-0.30532
-0.30558
-0.30584
-0.30609
-0.30635
-0.30661
-0.30687
-0.30712
-0.30738
-0.30763
-0.30789
-0.30814
-0.3084
-0.30865
-0.30891
-0.30916
-0.30942
-0.30967
-0.30992
-0.31017
-0.31043
-0.31068
-0.31093
-0.31118
-0.31143
-0.31168
-0.31194
-0.31219
-0.31244
-0.31269
-0.31293
-0.31318
-0.31343
-0.31368
-0.31393
-0.31418
-0.31442
-0.31467
-0.31492
-0.31516
-0.31541
-0.31566
-0.3159
-0.31615
-0.31639
-0.31664
-0.31688
-0.31712
-0.31737
-0.31761
-0.31785
-0.3181
-0.31834
-0.31858
-0.31882
-0.31906
-0.31931
-0.31955
-0.31979
-0.32003
-0.32027
-0.32051
-0.32075
-0.32098
-0.32122
-0.32146
-0.3217
-0.32194
-0.32217
-0.32241
-0.32265
-0.32288
-0.32312
-0.32335
-0.32359
-0.32383
-0.32406
-0.32429
-0.32453
-0.32476
-0.325
-0.32523
-0.32546
-0.32569
-0.32593
-0.32616
-0.32639
-0.32662
-0.32685
-0.32708
-0.32731
-0.32754
-0.32777
-0.328
-0.32823
-0.32846
-0.32868
-0.32891
-0.32914
-0.32937
-0.32959
-0.32982
-0.33005
-0.33027
-0.3305
-0.33072
-0.33095
-0.33117
-0.3314
-0.33162
-0.33184
-0.33207
-0.33229
-0.33251
-0.33273
-0.33296
-0.33318
-0.3334
-0.33362
-0.33384
-0.33406
-0.33428
-0.3345
-0.33472
-0.33494
-0.33516
-0.33537
-0.33559
-0.33581
-0.33603
-0.33624
-0.33646
-0.33668
-0.33689
-0.33711
-0.33732
-0.33754
-0.33775
-0.33797
-0.33818
-0.33839
-0.33861
-0.33882
-0.33903
-0.33924
-0.33946
-0.33967
-0.33988
-0.34009
-0.3403
-0.34051
-0.34072
-0.34093
-0.34114
-0.34135
-0.34155
-0.34176
-0.34197
-0.34218
-0.34238
-0.34259
-0.3428
-0.343
-0.34321
-0.34341
-0.34362
-0.34382
-0.34403
-0.34423
-0.34444
-0.34464
-0.34484
-0.34504
-0.34525
-0.34545
-0.34565
-0.34585
-0.34605
-0.34625
-0.34645
-0.34665
-0.34685
-0.34705
-0.34725
-0.34745
-0.34765
-0.34784
-0.34804
-0.34824
-0.34843
-0.34863
-0.34883
-0.34902
-0.34922
-0.34941
-0.34961
-0.3498
-0.34999
-0.35019
-0.35038
-0.35057
-0.35077
-0.35096
-0.35115
-0.35134
-0.35153
-0.35172
-0.35191
-0.3521
-0.35229
-0.35248
-0.35267
-0.35286
-0.35305
-0.35324
-0.35342
-0.35361
-0.3538
-0.35398
-0.35417
-0.35436
-0.35454
-0.35473
-0.35491
-0.3551
-0.35528
-0.35546
-0.35565
-0.35583
-0.35601
-0.35619
-0.35638
-0.35656
-0.35674
-0.35692
-0.3571
-0.35728
-0.35746
-0.35764
-0.35782
-0.358
-0.35817
-0.35835
-0.35853
-0.35871
-0.35888
-0.35906
-0.35924
-0.35941
-0.35959
-0.35976
-0.35994
-0.36011
-0.36029
-0.36046
-0.36063
-0.3608
-0.36098
-0.36115
-0.36132
-0.36149
-0.36166
-0.36183
-0.362
-0.36217
-0.36234
-0.36251
-0.36268
-0.36285
-0.36302
-0.36319
-0.36335
-0.36352
-0.36369
-0.36385
-0.36402
-0.36419
-0.36435
-0.36452
-0.36468
-0.36484
-0.36501
-0.36517
-0.36534
-0.3655
-0.36566
-0.36582
-0.36598
-0.36615
-0.36631
-0.36647
-0.36663
-0.36679
-0.36695
-0.3671
-0.36726
-0.36742
-0.36758
-0.36774
-0.36789
-0.36805
-0.36821
-0.36836
-0.36852
-0.36867
-0.36883
-0.36898
-0.36914
-0.36929
-0.36945
-0.3696
-0.36975
-0.3699
-0.37006
-0.37021
-0.37036
-0.37051
-0.37066
-0.37081
-0.37096
-0.37111
-0.37126
-0.37141
-0.37156
-0.3717
-0.37185
-0.372
-0.37215
-0.37229
-0.37244
-0.37258
-0.37273
-0.37287
-0.37302
-0.37316
-0.37331
-0.37345
-0.37359
-0.37374
-0.37388
-0.37402
-0.37416
-0.3743
-0.37444
-0.37459
-0.37473
-0.37487
-0.375
-0.37514
-0.37528
-0.37542
-0.37556
-0.3757
-0.37583
-0.37597
-0.37611
-0.37624
-0.37638
-0.37651
-0.37665
-0.37678
-0.37692
-0.37705
-0.37718
-0.37732
-0.37745
-0.37758
-0.37771
-0.37784
-0.37798
-0.37811
-0.37824
-0.37837
-0.3785
-0.37863
-0.37875
-0.37888
-0.37901
-0.37914
-0.37927
-0.37939
-0.37952
-0.37965
-0.37977
-0.3799
-0.38002
-0.38015
-0.38027
-0.38039
-0.38052
-0.38064
-0.38076
-0.38089
-0.38101
-0.38113
-0.38125
-0.38137
-0.38149
-0.38161
-0.38173
-0.38185
-0.38197
-0.38209
-0.38221
-0.38232
-0.38244
-0.38256
-0.38268
-0.38279
-0.38291
-0.38302
-0.38314
-0.38325
-0.38337
-0.38348
-0.38359
-0.38371
-0.38382
-0.38393
-0.38405
-0.38416
-0.38427
-0.38438
-0.38449
-0.3846
-0.38471
-0.38482
-0.38493
-0.38504
-0.38514
-0.38525
-0.38536
-0.38547
-0.38557
-0.38568
-0.38579
-0.38589
-0.386
-0.3861
-0.38621
-0.38631
-0.38641
-0.38652
-0.38662
-0.38672
-0.38682
-0.38692
-0.38703
-0.38713
-0.38723
-0.38733
-0.38743
-0.38753
-0.38763
-0.38772
-0.38782
-0.38792
-0.38802
-0.38811
-0.38821
-0.38831
-0.3884
-0.3885
-0.38859
-0.38869
-0.38878
-0.38888
-0.38897
-0.38906
-0.38916
-0.38925
-0.38934
-0.38943
-0.38952
-0.38961
-0.3897
-0.38979
-0.38988
-0.38997
-0.39006
-0.39015
-0.39024
-0.39032
-0.39041
-0.3905
-0.39059
-0.39067
-0.39076
-0.39084
-0.39093
-0.39101
-0.3911
-0.39118
-0.39126
-0.39135
-0.39143
-0.39151
-0.39159
-0.39167
-0.39176
-0.39184
-0.39192
-0.392
-0.39208
-0.39215
-0.39223
-0.39231
-0.39239
-0.39247
-0.39254
-0.39262
-0.3927
-0.39277
-0.39285
-0.39292
-0.393
-0.39307
-0.39315
-0.39322
-0.39329
-0.39337
-0.39344
-0.39351
-0.39358
-0.39365
-0.39372
-0.39379
-0.39386
-0.39393
-0.394
-0.39407
-0.39414
-0.39421
-0.39428
-0.39434
-0.39441
-0.39448
-0.39454
-0.39461
-0.39467
-0.39474
-0.3948
-0.39487
-0.39493
-0.39499
-0.39506
-0.39512
-0.39518
-0.39524
-0.3953
-0.39536
-0.39543
-0.39549
-0.39554
-0.3956
-0.39566
-0.39572
-0.39578
-0.39584
-0.39589
-0.39595
-0.39601
-0.39606
-0.39612
-0.39618
-0.39623
-0.39629
-0.39634
-0.39639
-0.39645
-0.3965
-0.39655
-0.3966
-0.39666
-0.39671
-0.39676
-0.39681
-0.39686
-0.39691
-0.39696
-0.39701
-0.39706
-0.3971
-0.39715
-0.3972
-0.39725
-0.39729
-0.39734
-0.39739
-0.39743
-0.39748
-0.39752
-0.39757
-0.39761
-0.39765
-0.3977
-0.39774
-0.39778
-0.39782
-0.39786
-0.39791
-0.39795
-0.39799
-0.39803
-0.39807
-0.3981
-0.39814
-0.39818
-0.39822
-0.39826
-0.39829
-0.39833
-0.39837
-0.3984
-0.39844
-0.39847
-0.39851
-0.39854
-0.39858
-0.39861
-0.39864
-0.39868
-0.39871
-0.39874
-0.39877
-0.3988
-0.39883
-0.39886
-0.39889
-0.39892
-0.39895
-0.39898
-0.39901
-0.39904
-0.39906
-0.39909
-0.39912
-0.39915
-0.39917
-0.3992
-0.39922
-0.39925
-0.39927
-0.39929
-0.39932
-0.39934
-0.39936
-0.39939
-0.39941
-0.39943
-0.39945
-0.39947
-0.39949
-0.39951
-0.39953
-0.39955
-0.39957
-0.39959
-0.39961
-0.39962
-0.39964
-0.39966
-0.39967
-0.39969
-0.39971
-0.39972
-0.39974
-0.39975
-0.39976
-0.39978
-0.39979
-0.3998
-0.39982
-0.39983
-0.39984
-0.39985
-0.39986
-0.39987
-0.39988
-0.39989
-0.3999
-0.39991
-0.39992
-0.39992
-0.39993
-0.39994
-0.39995
-0.39995
-0.39996
-0.39996
-0.39997
-0.39997
-0.39998
-0.39998
-0.39999
-0.39999
-0.39999
-0.39999
-0.4
-0.4
-0.4
-0.4
-0.4
-0.4
-0.4
-0.4
-0.4
-0.4
-0.39999
-0.39999
-0.39999
-0.39999
-0.39998
-0.39998
-0.39997
-0.39997
-0.39996
-0.39996
-0.39995
-0.39994
-0.39994
-0.39993
-0.39992
-0.39992
-0.39991
-0.3999
-0.39989
-0.39988
-0.39987
-0.39986
-0.39985
-0.39984
-0.39982
-0.39981
-0.3998
-0.39979
-0.39977
-0.39976
-0.39975
-0.39973
-0.39972
-0.3997
-0.39969
-0.39967
-0.39965
-0.39964
-0.39962
-0.3996
-0.39958
-0.39957
-0.39955
-0.39953
-0.39951
-0.39949
-0.39947
-0.39945
-0.39943
-0.3994
-0.39938
-0.39936
-0.39934
-0.39931
-0.39929
-0.39927
-0.39924
-0.39922
-0.39919
-0.39917
-0.39914
-0.39911
-0.39909
-0.39906
-0.39903
-0.399
-0.39897
-0.39895
-0.39892
-0.39889
-0.39886
-0.39883
-0.3988
-0.39876
-0.39873
-0.3987
-0.39867
-0.39864
-0.3986
-0.39857
-0.39854
-0.3985
-0.39847
-0.39843
-0.3984
-0.39836
-0.39832
-0.39829
-0.39825
-0.39821
-0.39817
-0.39813
-0.3981
-0.39806
-0.39802
-0.39798
-0.39794
-0.3979
-0.39785
-0.39781
-0.39777
-0.39773
-0.39769
-0.39764
-0.3976
-0.39756
-0.39751
-0.39747
-0.39742
-0.39738
-0.39733
-0.39728
-0.39724
-0.39719
-0.39714
-0.39709
-0.39705
-0.397
-0.39695
-0.3969
-0.39685
-0.3968
-0.39675
-0.3967
-0.39664
-0.39659
-0.39654
-0.39649
-0.39643
-0.39638
-0.39633
-0.39627
-0.39622
-0.39616
-0.39611
-0.39605
-0.396
-0.39594
-0.39588
-0.39582
-0.39577
-0.39571
-0.39565
-0.39559
-0.39553
-0.39547
-0.39541
-0.39535
-0.39529
-0.39523
-0.39517
-0.3951
-0.39504
-0.39498
-0.39492
-0.39485
-0.39479
-0.39472
-0.39466
-0.39459
-0.39453
-0.39446
-0.39439
-0.39433
-0.39426
-0.39419
-0.39412
-0.39406
-0.39399
-0.39392
-0.39385
-0.39378
-0.39371
-0.39364
-0.39357
-0.39349
-0.39342
-0.39335
-0.39328
-0.3932
-0.39313
-0.39306
-0.39298
-0.39291
-0.39283
-0.39276
-0.39268
-0.3926
-0.39253
-0.39245
-0.39237
-0.39229
-0.39222
-0.39214
-0.39206
-0.39198
-0.3919
-0.39182
-0.39174
-0.39166
-0.39157
-0.39149
-0.39141
-0.39133
-0.39124
-0.39116
-0.39108
-0.39099
-0.39091
-0.39082
-0.39074
-0.39065
-0.39057
-0.39048
-0.39039
-0.39031
-0.39022
-0.39013
-0.39004
-0.38995
-0.38986
-0.38977
-0.38968
-0.38959
-0.3895
-0.38941
-0.38932
-0.38923
-0.38913
-0.38904
-0.38895
-0.38886
-0.38876
-0.38867
-0.38857
-0.38848
-0.38838
-0.38829
-0.38819
-0.38809
-0.388
-0.3879
-0.3878
-0.3877
-0.3876
-0.3875
-0.38741
-0.38731
-0.38721
-0.3871
-0.387
-0.3869
-0.3868
-0.3867
-0.3866
-0.38649
-0.38639
-0.38629
-0.38618
-0.38608
-0.38597
-0.38587
-0.38576
-0.38566
-0.38555
-0.38544
-0.38534
-0.38523
-0.38512
-0.38501
-0.3849
-0.38479
-0.38469
-0.38458
-0.38447
-0.38435
-0.38424
-0.38413
-0.38402
-0.38391
-0.3838
-0.38368
-0.38357
-0.38346
-0.38334
-0.38323
-0.38311
-0.383
-0.38288
-0.38277
-0.38265
-0.38253
-0.38242
-0.3823
-0.38218
-0.38206
-0.38194
-0.38182
-0.38171
-0.38159
-0.38147
-0.38134
-0.38122
-0.3811
-0.38098
-0.38086
-0.38074
-0.38061
-0.38049
-0.38037
-0.38024
-0.38012
-0.37999
-0.37987
-0.37974
-0.37962
-0.37949
-0.37936
-0.37924
-0.37911
-0.37898
-0.37885
-0.37873
-0.3786
-0.37847
-0.37834
-0.37821
-0.37808
-0.37795
-0.37782
-0.37768
-0.37755
-0.37742
-0.37729
-0.37715
-0.37702
-0.37689
-0.37675
-0.37662
-0.37648
-0.37635
-0.37621
-0.37608
-0.37594
-0.3758
-0.37567
-0.37553
-0.37539
-0.37525
-0.37511
-0.37497
-0.37483
-0.37469
-0.37455
-0.37441
-0.37427
-0.37413
-0.37399
-0.37385
-0.37371
-0.37356
-0.37342
-0.37328
-0.37313
-0.37299
-0.37284
-0.3727
-0.37255
-0.37241
-0.37226
-0.37211
-0.37197
-0.37182
-0.37167
-0.37152
-0.37138
-0.37123
-0.37108
-0.37093
-0.37078
-0.37063
-0.37048
-0.37033
-0.37017
-0.37002
-0.36987
-0.36972
-0.36957
-0.36941
-0.36926
-0.3691
-0.36895
-0.3688
-0.36864
-0.36848
-0.36833
-0.36817
-0.36802
-0.36786
-0.3677
-0.36754
-0.36739
-0.36723
-0.36707
-0.36691
-0.36675
-0.36659
-0.36643
-0.36627
-0.36611
-0.36595
-0.36579
-0.36562
-0.36546
-0.3653
-0.36514
-0.36497
-0.36481
-0.36464
-0.36448
-0.36431
-0.36415
-0.36398
-0.36382
-0.36365
-0.36348
-0.36332
-0.36315
-0.36298
-0.36281
-0.36264
-0.36248
-0.36231
-0.36214
-0.36197
-0.3618
-0.36163
-0.36145
-0.36128
-0.36111
-0.36094
-0.36077
-0.36059
-0.36042
-0.36025
-0.36007
-0.3599
-0.35972
-0.35955
-0.35937
-0.3592
-0.35902
-0.35884
-0.35867
-0.35849
-0.35831
-0.35813
-0.35796
-0.35778
-0.3576
-0.35742
-0.35724
-0.35706
-0.35688
-0.3567
-0.35652
-0.35634
-0.35615
-0.35597
-0.35579
-0.35561
-0.35542
-0.35524
-0.35505
-0.35487
-0.35469
-0.3545
-0.35431
-0.35413
-0.35394
-0.35376
-0.35357
-0.35338
-0.35319
-0.35301
-0.35282
-0.35263
-0.35244
-0.35225
-0.35206
-0.35187
-0.35168
-0.35149
-0.3513
-0.35111
-0.35092
-0.35072
-0.35053
-0.35034
-0.35015
-0.34995
-0.34976
-0.34956
-0.34937
-0.34917
-0.34898
-0.34878
-0.34859
-0.34839
-0.34819
-0.348
-0.3478
-0.3476
-0.3474
-0.3472
-0.34701
-0.34681
-0.34661
-0.34641
-0.34621
-0.34601
-0.34581
-0.3456
-0.3454
-0.3452
-0.345
-0.3448
-0.34459
-0.34439
-0.34419
-0.34398
-0.34378
-0.34357
-0.34337
-0.34316
-0.34296
-0.34275
-0.34255
-0.34234
-0.34213
-0.34192
-0.34172
-0.34151
-0.3413
-0.34109
-0.34088
-0.34067
-0.34046
-0.34025
-0.34004
-0.33983
-0.33962
-0.33941
-0.3392
-0.33898
-0.33877
-0.33856
-0.33835
-0.33813
-0.33792
-0.3377
-0.33749
-0.33728
-0.33706
-0.33684
-0.33663
-0.33641
-0.3362
-0.33598
-0.33576
-0.33554
-0.33533
-0.33511
-0.33489
-0.33467
-0.33445
-0.33423
-0.33401
-0.33379
-0.33357
-0.33335
-0.33313
-0.33291
-0.33269
-0.33246
-0.33224
-0.33202
-0.33179
-0.33157
-0.33135
-0.33112
-0.3309
-0.33067
-0.33045
-0.33022
-0.33
-0.32977
-0.32954
-0.32932
-0.32909
-0.32886
-0.32863
-0.32841
-0.32818
-0.32795
-0.32772
-0.32749
-0.32726
-0.32703
-0.3268
-0.32657
-0.32634
-0.32611
-0.32587
-0.32564
-0.32541
-0.32518
-0.32494
-0.32471
-0.32448
-0.32424
-0.32401
-0.32377
-0.32354
-0.3233
-0.32307
-0.32283
-0.32259
-0.32236
-0.32212
-0.32188
-0.32165
-0.32141
-0.32117
-0.32093
-0.32069
-0.32045
-0.32021
-0.31997
-0.31973
-0.31949
-0.31925
-0.31901
-0.31877
-0.31853
-0.31829
-0.31804
-0.3178
-0.31756
-0.31731
-0.31707
-0.31683
-0.31658
-0.31634
-0.31609
-0.31585
-0.3156
-0.31536
-0.31511
-0.31486
-0.31462
-0.31437
-0.31412
-0.31387
-0.31363
-0.31338
-0.31313
-0.31288
-0.31263
-0.31238
-0.31213
-0.31188
-0.31163
-0.31138
-0.31113
-0.31088
-0.31062
-0.31037
-0.31012
-0.30987
-0.30961
-0.30936
-0.30911
-0.30885
-0.3086
-0.30834
-0.30809
-0.30783
-0.30758
-0.30732
-0.30706
-0.30681
-0.30655
-0.30629
-0.30604
-0.30578
-0.30552
-0.30526
-0.305
-0.30475
-0.30449
-0.30423
-0.30397
-0.30371
-0.30345
-0.30319
-0.30292
-0.30266
-0.3024
-0.30214
-0.30188
-0.30161
-0.30135
-0.30109
-0.30082
-0.30056
-0.3003
-0.30003
-0.29977
-0.2995
-0.29924
-0.29897
-0.29871
-0.29844
-0.29817
-0.29791
-0.29764
-0.29737
-0.2971
-0.29684
-0.29657
-0.2963
-0.29603
-0.29576
-0.29549
-0.29522
-0.29495
-0.29468
-0.29441
-0.29414
-0.29387
-0.2936
-0.29333
-0.29305
-0.29278
-0.29251
-0.29224
-0.29196
-0.29169
-0.29142
-0.29114
-0.29087
-0.29059
-0.29032
-0.29004
-0.28977
-0.28949
-0.28921
-0.28894
-0.28866
-0.28838
-0.28811
-0.28783
-0.28755
-0.28727
-0.28699
-0.28672
-0.28644
-0.28616
-0.28588
-0.2856
-0.28532
-0.28504
-0.28476
-0.28447
-0.28419
-0.28391
-0.28363
-0.28335
-0.28307
-0.28278
-0.2825
-0.28222
-0.28193
-0.28165
-0.28136
-0.28108
-0.2808
-0.28051
-0.28022
-0.27994
-0.27965
-0.27937
-0.27908
-0.27879
-0.27851
-0.27822
-0.27793
-0.27764
-0.27736
-0.27707
-0.27678
-0.27649
-0.2762
-0.27591
-0.27562
-0.27533
-0.27504
-0.27475
-0.27446
-0.27417
-0.27388
-0.27359
-0.27329
-0.273
-0.27271
-0.27242
-0.27212
-0.27183
-0.27154
-0.27124
-0.27095
-0.27065
-0.27036
-0.27007
-0.26977
-0.26947
-0.26918
-0.26888
-0.26859
-0.26829
-0.26799
-0.2677
-0.2674
-0.2671
-0.2668
-0.2665
-0.26621
-0.26591
-0.26561
-0.26531
-0.26501
-0.26471
-0.26441
-0.26411
-0.26381
-0.26351
-0.26321
-0.26291
-0.2626
-0.2623
-0.262
-0.2617
-0.2614
-0.26109
-0.26079
-0.26049
-0.26018
-0.25988
-0.25957
-0.25927
-0.25897
-0.25866
-0.25836
-0.25805
-0.25774
-0.25744
-0.25713
-0.25682
-0.25652
-0.25621
-0.2559
-0.2556
-0.25529
-0.25498
-0.25467
-0.25436
-0.25405
-0.25375
-0.25344
-0.25313
-0.25282
-0.25251
-0.2522
-0.25189
-0.25157
-0.25126
-0.25095
-0.25064
-0.25033
-0.25002
-0.2497
-0.24939
-0.24908
-0.24877
-0.24845
-0.24814
-0.24783
-0.24751
-0.2472
-0.24688
-0.24657
-0.24625
-0.24594
-0.24562
-0.24531
-0.24499
-0.24467
-0.24436
-0.24404
-0.24372
-0.24341
-0.24309
-0.24277
-0.24245
-0.24213
-0.24182
-0.2415
-0.24118
-0.24086
-0.24054
-0.24022
-0.2399
-0.23958
-0.23926
-0.23894
-0.23862
-0.2383
-0.23797
-0.23765
-0.23733
-0.23701
-0.23669
-0.23636
-0.23604
-0.23572
-0.23539
-0.23507
-0.23475
-0.23442
-0.2341
-0.23377
-0.23345
-0.23312
-0.2328
-0.23247
-0.23215
-0.23182
-0.2315
-0.23117
-0.23084
-0.23052
-0.23019
-0.22986
-0.22954
-0.22921
-0.22888
-0.22855
-0.22822
-0.22789
-0.22757
-0.22724
-0.22691
-0.22658
-0.22625
-0.22592
-0.22559
-0.22526
-0.22493
-0.2246
-0.22426
-0.22393
-0.2236
-0.22327
-0.22294
-0.22261
-0.22227
-0.22194
-0.22161
-0.22127
-0.22094
-0.22061
-0.22027
-0.21994
-0.21961
-0.21927
-0.21894
-0.2186
-0.21827
-0.21793
-0.2176
-0.21726
-0.21692
-0.21659
-0.21625
-0.21592
-0.21558
-0.21524
-0.2149
-0.21457
-0.21423
-0.21389
-0.21355
-0.21321
-0.21288
-0.21254
-0.2122
-0.21186
-0.21152
-0.21118
-0.21084
-0.2105
-0.21016
-0.20982
-0.20948
-0.20914
-0.2088
-0.20846
-0.20811
-0.20777
-0.20743
-0.20709
-0.20675
-0.2064
-0.20606
-0.20572
-0.20537
-0.20503
-0.20469
-0.20434
-0.204
-0.20366
-0.20331
-0.20297
-0.20262
-0.20228
-0.20193
-0.20159
-0.20124
-0.2009
-0.20055
-0.2002
-0.19986
-0.19951
-0.19916
-0.19882
-0.19847
-0.19812
-0.19777
-0.19743
-0.19708
-0.19673
-0.19638
-0.19603
-0.19568
-0.19534
-0.19499
-0.19464
-0.19429
-0.19394
-0.19359
-0.19324
-0.19289
-0.19254
-0.19219
-0.19184
-0.19148
-0.19113
-0.19078
-0.19043
-0.19008
-0.18973
-0.18937
-0.18902
-0.18867
-0.18832
-0.18796
-0.18761
-0.18726
-0.1869
-0.18655
-0.18619
-0.18584
-0.18549
-0.18513
-0.18478
-0.18442
-0.18407
-0.18371
-0.18336
-0.183
-0.18265
-0.18229
-0.18193
-0.18158
-0.18122
-0.18086
-0.18051
-0.18015
-0.17979
-0.17944
-0.17908
-0.17872
-0.17836
-0.178
-0.17765
-0.17729
-0.17693
-0.17657
-0.17621
-0.17585
-0.17549
-0.17513
-0.17477
-0.17441
-0.17405
-0.17369
-0.17333
-0.17297
-0.17261
-0.17225
-0.17189
-0.17153
-0.17117
-0.1708
-0.17044
-0.17008
-0.16972
-0.16936
-0.16899
-0.16863
-0.16827
-0.16791
-0.16754
-0.16718
-0.16682
-0.16645
-0.16609
-0.16572
-0.16536
-0.165
-0.16463
-0.16427
-0.1639
-0.16354
-0.16317
-0.16281
-0.16244
-0.16208
-0.16171
-0.16134
-0.16098
-0.16061
-0.16025
-0.15988
-0.15951
-0.15914
-0.15878
-0.15841
-0.15804
-0.15768
-0.15731
-0.15694
-0.15657
-0.1562
-0.15584
-0.15547
-0.1551
-0.15473
-0.15436
-0.15399
-0.15362
-0.15325
-0.15288
-0.15251
-0.15214
-0.15177
-0.1514
-0.15103
-0.15066
-0.15029
-0.14992
-0.14955
-0.14918
-0.14881
-0.14844
-0.14807
-0.14769
-0.14732
-0.14695
-0.14658
-0.14621
-0.14583
-0.14546
-0.14509
-0.14472
-0.14434
-0.14397
-0.1436
-0.14322
-0.14285
-0.14248
-0.1421
-0.14173
-0.14135
-0.14098
-0.1406
-0.14023
-0.13986
-0.13948
-0.13911
-0.13873
-0.13836
-0.13798
-0.1376
-0.13723
-0.13685
-0.13648
-0.1361
-0.13572
-0.13535
-0.13497
-0.1346
-0.13422
-0.13384
-0.13346
-0.13309
-0.13271
-0.13233
-0.13196
-0.13158
-0.1312
-0.13082
-0.13044
-0.13007
-0.12969
-0.12931
-0.12893
-0.12855
-0.12817
-0.12779
-0.12741
-0.12704
-0.12666
-0.12628
-0.1259
-0.12552
-0.12514
-0.12476
-0.12438
-0.124
-0.12362
-0.12324
-0.12286
-0.12247
-0.12209
-0.12171
-0.12133
-0.12095
-0.12057
-0.12019
-0.11981
-0.11942
-0.11904
-0.11866
-0.11828
-0.1179
-0.11751
-0.11713
-0.11675
-0.11637
-0.11598
-0.1156
-0.11522
-0.11484
-0.11445
-0.11407
-0.11369
-0.1133
-0.11292
-0.11253
-0.11215
-0.11177
-0.11138
-0.111
-0.11061
-0.11023
-0.10984
-0.10946
-0.10908
-0.10869
-0.10831
-0.10792
-0.10753
-0.10715
-0.10676
-0.10638
-0.10599
-0.10561
-0.10522
-0.10484
-0.10445
-0.10406
-0.10368
-0.10329
-0.1029
-0.10252
-0.10213
-0.10174
-0.10136
-0.10097
-0.10058
-0.1002
-0.099808
-0.099421
-0.099033
-0.098646
-0.098258
-0.09787
-0.097482
-0.097094
-0.096706
-0.096318
-0.09593
-0.095542
-0.095153
-0.094764
-0.094376
-0.093987
-0.093598
-0.093209
-0.09282
-0.092431
-0.092042
-0.091653
-0.091263
-0.090874
-0.090484
-0.090094
-0.089705
-0.089315
-0.088925
-0.088535
-0.088145
-0.087754
-0.087364
-0.086974
-0.086583
-0.086193
-0.085802
-0.085411
-0.085021
-0.08463
-0.084239
-0.083848
-0.083456
-0.083065
-0.082674
-0.082282
-0.081891
-0.081499
-0.081108
-0.080716
-0.080324
-0.079932
-0.07954
-0.079148
-0.078756
-0.078364
-0.077972
-0.077579
-0.077187
-0.076794
-0.076402
-0.076009
-0.075616
-0.075224
-0.074831
-0.074438
-0.074045
-0.073651
-0.073258
-0.072865
-0.072472
-0.072078
-0.071685
-0.071291
-0.070898
-0.070504
-0.07011
-0.069716
-0.069322
-0.068928
-0.068534
-0.06814
-0.067746
-0.067352
-0.066957
-0.066563
-0.066169
-0.065774
-0.065379
-0.064985
-0.06459
-0.064195
-0.0638
-0.063406
-0.063011
-0.062616
-0.06222
-0.061825
-0.06143
-0.061035
-0.060639
-0.060244
-0.059849
-0.059453
-0.059057
-0.058662
-0.058266
-0.05787
-0.057474
-0.057079
-0.056683
-0.056287
-0.055891
-0.055495
-0.055098
-0.054702
-0.054306
-0.05391
-0.053513
-0.053117
-0.05272
-0.052324
-0.051927
-0.051531
-0.051134
-0.050737
-0.05034
-0.049943
-0.049547
-0.04915
-0.048753
-0.048356
-0.047958
-0.047561
-0.047164
-0.046767
-0.04637
-0.045972
-0.045575
-0.045178
-0.04478
-0.044383
-0.043985
-0.043587
-0.04319
-0.042792
-0.042394
-0.041997
-0.041599
-0.041201
-0.040803
-0.040405
-0.040007
-0.039609
-0.039211
-0.038813
-0.038415
-0.038017
-0.037618
-0.03722
-0.036822
-0.036424
-0.036025
-0.035627
-0.035228
-0.03483
-0.034431
-0.034033
-0.033634
-0.033236
-0.032837
-0.032438
-0.03204
-0.031641
-0.031242
-0.030843
-0.030445
-0.030046
-0.029647
-0.029248
-0.028849
-0.02845
-0.028051
-0.027652
-0.027253
-0.026854
-0.026455
-0.026056
-0.025656
-0.025257
-0.024858
-0.024459
-0.02406
-0.02366
-0.023261
-0.022862
-0.022462
-0.022063
-0.021664
-0.021264
-0.020865
-0.020465
-0.020066
-0.019666
-0.019267
-0.018867
-0.018468
-0.018068
-0.017668
-0.017269
-0.016869
-0.016469
-0.01607
-0.01567
-0.01527
-0.014871
-0.014471
-0.014071
-0.013671
-0.013272
-0.012872
-0.012472
-0.012072
-0.011672
-0.011273
-0.010873
-0.010473
-0.010073
-0.0096732
-0.0092733
-0.0088734
-0.0084735
-0.0080736
-0.0076737
-0.0072737
-0.0068738
-0.0064738
-0.0060739
-0.0056739
-0.005274
-0.004874
-0.004474
-0.0040741
-0.0036741
-0.0032741
-0.0028741
-0.0024741
-0.0020741
-0.0016741
-0.0012741
-0.00087412
-0.00047412
-7.4123e-05
0.00032588
0.00072588
0.0011259
0.0015259
0.0019259
0.0023259
0.0027259
0.0031258
0.0035258
0.0039258
0.0043258
0.0047258
0.0051257
0.0055257
0.0059257
0.0063256
0.0067256
0.0071255
0.0075254
0.0079254
0.0083253
0.0087252
0.0091251
0.009525
0.0099249
0.010325
0.010725
0.011124
0.011524
0.011924
0.012324
0.012724
0.013124
0.013523
0.013923
0.014323
0.014723
0.015122
0.015522
0.015922
0.016321
0.016721
0.017121
0.01752
0.01792
0.018319
0.018719
0.019119
0.019518
0.019918
0.020317
0.020717
0.021116
0.021515
0.021915
0.022314
0.022714
0.023113
0.023512
0.023912
0.024311
0.02471
0.025109
0.025509
0.025908
0.026307
0.026706
0.027105
0.027504
0.027903
0.028302
0.028701
0.0291
0.029499
0.029898
0.030297
0.030696
0.031094
0.031493
0.031892
0.032291
0.032689
0.033088
0.033487
0.033885
0.034284
0.034682
0.035081
0.035479
0.035878
0.036276
0.036674
0.037073
0.037471
0.037869
0.038267
0.038665
0.039064
0.039462
0.03986
0.040258
0.040656
0.041053
0.041451
0.041849
0.042247
0.042645
0.043042
0.04344
0.043838
0.044235
0.044633
0.04503
0.045428
0.045825
0.046222
0.04662
0.047017
0.047414
0.047811
0.048208
0.048605
0.049002
0.049399
0.049796
0.050193
0.05059
0.050987
0.051383
0.05178
0.052177
0.052573
0.05297
0.053366
0.053763
0.054159
0.054555
0.054952
0.055348
0.055744
0.05614
0.056536
0.056932
0.057328
0.057724
0.058119
0.058515
0.058911
0.059306
0.059702
0.060097
0.060493
0.060888
0.061284
0.061679
0.062074
0.062469
0.062864
0.063259
0.063654
0.064049
0.064444
0.064839
0.065233
0.065628
0.066022
0.066417
0.066811
0.067206
0.0676
0.067994
0.068388
0.068782
0.069176
0.06957
0.069964
0.070358
0.070752
0.071145
0.071539
0.071932
0.072326
0.072719
0.073113
0.073506
0.073899
0.074292
0.074685
0.075078
0.075471
0.075864
0.076256
0.076649
0.077041
0.077434
0.077826
0.078219
0.078611
0.079003
0.079395
0.079787
0.080179
0.080571
0.080963
0.081354
0.081746
0.082137
0.082529
0.08292
0.083311
0.083703
0.084094
0.084485
0.084876
0.085267
0.085657
0.086048
0.086439
0.086829
0.08722
0.08761
0.088
0.08839
0.08878
0.08917
0.08956
0.08995
0.09034
0.090729
0.091119
0.091508
0.091898
0.092287
0.092676
0.093065
0.093454
0.093843
0.094232
0.09462
0.095009
0.095398
0.095786
0.096174
0.096562
0.096951
0.097339
0.097727
0.098114
0.098502
0.09889
0.099277
0.099665
0.10005
0.10044
0.10083
0.10121
0.1016
0.10199
0.10237
0.10276
0.10315
0.10353
0.10392
0.10431
0.10469
0.10508
0.10546
0.10585
0.10624
0.10662
0.10701
0.10739
0.10778
0.10816
0.10855
0.10893
0.10932
0.1097
0.11009
0.11047
0.11086
0.11124
0.11162
0.11201
0.11239
0.11278
0.11316
0.11354
0.11393
0.11431
0.11469
0.11508
0.11546
0.11584
0.11623
0.11661
0.11699
0.11737
0.11776
0.11814
0.11852
0.1189
0.11928
0.11966
0.12005
0.12043
0.12081
0.12119
0.12157
0.12195
0.12233
0.12271
0.1231
0.12348
0.12386
0.12424
0.12462
0.125
0.12538
0.12576
0.12614
0.12652
0.12689
0.12727
0.12765
0.12803
0.12841
0.12879
0.12917
0.12955
0.12993
0.1303
0.13068
0.13106
0.13144
0.13182
0.13219
0.13257
0.13295
0.13332
0.1337
0.13408
0.13446
0.13483
0.13521
0.13559
0.13596
0.13634
0.13671
0.13709
0.13747
0.13784
0.13822
0.13859
0.13897
0.13934
0.13972
0.14009
0.14047
0.14084
0.14121
0.14159
0.14196
0.14234
0.14271
0.14308
0.14346
0.14383
0.1442
0.14458
0.14495
0.14532
0.1457
0.14607
0.14644
0.14681
0.14718
0.14756
0.14793
0.1483
0.14867
0.14904
0.14941
0.14978
0.15015
0.15053
0.1509
0.15127
0.15164
0.15201
0.15238
0.15275
0.15312
0.15349
0.15385
0.15422
0.15459
0.15496
0.15533
0.1557
0.15607
0.15644
0.1568
0.15717
0.15754
0.15791
0.15827
0.15864
0.15901
0.15938
0.15974
0.16011
0.16048
0.16084
0.16121
0.16157
0.16194
0.16231
0.16267
0.16304
0.1634
0.16377
0.16413
0.1645
0.16486
0.16523
0.16559
0.16595
0.16632
0.16668
0.16704
0.16741
0.16777
0.16813
0.1685
0.16886
0.16922
0.16958
0.16995
0.17031
0.17067
0.17103
0.17139
0.17176
0.17212
0.17248
0.17284
0.1732
0.17356
0.17392
0.17428
0.17464
0.175
0.17536
0.17572
0.17608
0.17644
0.1768
0.17715
0.17751
0.17787
0.17823
0.17859
0.17895
0.1793
0.17966
0.18002
0.18037
0.18073
0.18109
0.18144
0.1818
0.18216
0.18251
0.18287
0.18323
0.18358
0.18394
0.18429
0.18465
0.185
0.18536
0.18571
0.18606
0.18642
0.18677
0.18713
0.18748
0.18783
0.18818
0.18854
0.18889
0.18924
0.1896
0.18995
0.1903
0.19065
0.191
0.19135
0.19171
0.19206
0.19241
0.19276
0.19311
0.19346
0.19381
0.19416
0.19451
0.19486
0.19521
0.19556
0.1959
0.19625
0.1966
0.19695
0.1973
0.19765
0.19799
0.19834
0.19869
0.19903
0.19938
0.19973
0.20007
0.20042
0.20077
0.20111
0.20146
0.2018
0.20215
0.20249
0.20284
0.20318
0.20353
0.20387
0.20422
0.20456
0.2049
0.20525
0.20559
0.20593
0.20628
0.20662
0.20696
0.2073
0.20765
0.20799
0.20833
0.20867
0.20901
0.20935
0.20969
0.21003
0.21037
0.21071
0.21105
0.21139
0.21173
0.21207
0.21241
0.21275
0.21309
0.21343
0.21377
0.2141
0.21444
0.21478
0.21512
0.21545
0.21579
0.21613
0.21646
0.2168
0.21714
0.21747
0.21781
0.21814
0.21848
0.21881
0.21915
0.21948
0.21982
0.22015
0.22048
0.22082
0.22115
0.22148
0.22182
0.22215
0.22248
0.22282
0.22315
0.22348
0.22381
0.22414
0.22447
0.2248
0.22514
0.22547
0.2258
0.22613
0.22646
0.22679
0.22711
0.22744
0.22777
0.2281
0.22843
0.22876
0.22909
0.22941
0.22974
0.23007
0.2304
0.23072
0.23105
0.23138
0.2317
0.23203
0.23235
0.23268
0.233
0.23333
0.23365
0.23398
0.2343
0.23463
0.23495
0.23527
0.2356
0.23592
0.23624
0.23657
0.23689
0.23721
0.23753
0.23785
0.23818
0.2385
0.23882
0.23914
0.23946
0.23978
0.2401
0.24042
0.24074
0.24106
0.24138
0.2417
0.24202
0.24233
0.24265
0.24297
0.24329
0.2436
0.24392
0.24424
0.24456
0.24487
0.24519
0.2455
0.24582
0.24614
0.24645
0.24677
0.24708
0.24739
0.24771
0.24802
0.24834
0.24865
0.24896
0.24928
0.24959
0.2499
0.25021
0.25053
0.25084
0.25115
0.25146
0.25177
0.25208
0.25239
0.2527
0.25301
0.25332
0.25363
0.25394
0.25425
0.25456
0.25487
0.25517
0.25548
0.25579
0.2561
0.2564
0.25671
0.25702
0.25732
0.25763
0.25794
0.25824
0.25855
0.25885
0.25916
0.25946
0.25977
0.26007
0.26037
0.26068
0.26098
0.26128
0.26159
0.26189
0.26219
0.26249
0.26279
0.2631
0.2634
0.2637
0.264
0.2643
0.2646
0.2649
0.2652
0.2655
0.2658
0.2661
0.26639
0.26669
0.26699
0.26729
0.26759
0.26788
0.26818
0.26848
0.26877
0.26907
0.26936
0.26966
0.26996
0.27025
0.27055
0.27084
0.27113
0.27143
0.27172
0.27202
0.27231
0.2726
0.27289
0.27319
0.27348
0.27377
0.27406
0.27435
0.27464
0.27493
0.27522
0.27551
0.2758
0.27609
0.27638
0.27667
0.27696
0.27725
0.27754
0.27783
0.27811
0.2784
0.27869
0.27897
0.27926
0.27955
0.27983
0.28012
0.2804
0.28069
0.28097
0.28126
0.28154
0.28183
0.28211
0.28239
0.28268
0.28296
0.28324
0.28353
0.28381
0.28409
0.28437
0.28465
0.28493
0.28521
0.28549
0.28577
0.28605
0.28633
0.28661
0.28689
0.28717
0.28745
0.28773
0.288
0.28828
0.28856
0.28883
0.28911
0.28939
0.28966
0.28994
0.29021
0.29049
0.29076
0.29104
0.29131
0.29159
0.29186
0.29213
0.29241
0.29268
0.29295
0.29323
0.2935
0.29377
0.29404
0.29431
0.29458
0.29485
0.29512
0.29539
0.29566
0.29593
0.2962
0.29647
0.29674
0.29701
0.29727
0.29754
0.29781
0.29807
0.29834
0.29861
0.29887
0.29914
0.2994
0.29967
0.29993
0.3002
0.30046
0.30073
0.30099
0.30125
0.30152
0.30178
0.30204
0.3023
0.30257
0.30283
0.30309
0.30335
0.30361
0.30387
0.30413
0.30439
0.30465
0.30491
0.30517
0.30543
0.30568
0.30594
0.3062
0.30646
0.30671
0.30697
0.30723
0.30748
0.30774
0.30799
0.30825
0.3085
0.30876
0.30901
0.30927
0.30952
0.30977
0.31003
0.31028
0.31053
0.31078
0.31103
0.31129
0.31154
0.31179
0.31204
0.31229
0.31254
0.31279
0.31304
0.31328
0.31353
0.31378
0.31403
0.31428
0.31452
0.31477
0.31502
0.31526
0.31551
0.31576
0.316
0.31625
0.31649
0.31674
0.31698
0.31722
0.31747
0.31771
0.31795
0.3182
0.31844
0.31868
0.31892
0.31916
0.3194
0.31964
0.31988
0.32012
0.32036
0.3206
0.32084
0.32108
0.32132
0.32156
0.3218
0.32203
0.32227
0.32251
0.32274
0.32298
0.32322
0.32345
0.32369
0.32392
0.32416
0.32439
0.32462
0.32486
0.32509
0.32532
0.32556
0.32579
0.32602
0.32625
0.32648
0.32671
0.32694
0.32717
0.3274
0.32763
0.32786
0.32809
0.32832
0.32855
0.32878
0.32901
0.32923
0.32946
0.32969
0.32991
0.33014
0.33036
0.33059
0.33081
0.33104
0.33126
0.33149
0.33171
0.33193
0.33216
0.33238
0.3326
0.33282
0.33305
0.33327
0.33349
0.33371
0.33393
0.33415
0.33437
0.33459
0.33481
0.33503
0.33525
0.33546
0.33568
0.3359
0.33612
0.33633
0.33655
0.33676
0.33698
0.3372
0.33741
0.33763
0.33784
0.33805
0.33827
0.33848
0.33869
0.33891
0.33912
0.33933
0.33954
0.33975
0.33996
0.34017
0.34038
0.34059
0.3408
0.34101
0.34122
0.34143
0.34164
0.34185
0.34205
0.34226
0.34247
0.34268
0.34288
0.34309
0.34329
0.3435
0.3437
0.34391
0.34411
0.34431
0.34452
0.34472
0.34492
0.34513
0.34533
0.34553
0.34573
0.34593
0.34613
0.34633
0.34653
0.34673
0.34693
0.34713
0.34733
0.34753
0.34773
0.34792
0.34812
0.34832
0.34851
0.34871
0.34891
0.3491
0.3493
0.34949
0.34969
0.34988
0.35007
0.35027
0.35046
0.35065
0.35084
0.35104
0.35123
0.35142
0.35161
0.3518
0.35199
0.35218
0.35237
0.35256
0.35275
0.35294
0.35312
0.35331
0.3535
0.35369
0.35387
0.35406
0.35425
0.35443
0.35462
0.3548
0.35499
0.35517
0.35535
0.35554
0.35572
0.3559
0.35609
0.35627
0.35645
0.35663
0.35681
0.35699
0.35717
0.35735
0.35753
0.35771
0.35789
0.35807
0.35825
0.35842
0.3586
0.35878
0.35896
0.35913
0.35931
0.35948
0.35966
0.35983
0.36001
0.36018
0.36036
0.36053
0.3607
0.36088
0.36105
0.36122
0.36139
0.36156
0.36173
0.3619
0.36207
0.36224
0.36241
0.36258
0.36275
0.36292
0.36309
0.36326
0.36342
0.36359
0.36376
0.36392
0.36409
0.36425
0.36442
0.36458
0.36475
0.36491
0.36508
0.36524
0.3654
0.36556
0.36573
0.36589
0.36605
0.36621
0.36637
0.36653
0.36669
0.36685
0.36701
0.36717
0.36733
0.36749
0.36764
0.3678
0.36796
0.36812
0.36827
0.36843
0.36858
0.36874
0.36889
0.36905
0.3692
0.36936
0.36951
0.36966
0.36981
0.36997
0.37012
0.37027
0.37042
0.37057
0.37072
0.37087
0.37102
0.37117
0.37132
0.37147
0.37162
0.37176
0.37191
0.37206
0.37221
0.37235
0.3725
0.37264
0.37279
0.37293
0.37308
0.37322
0.37337
0.37351
0.37365
0.37379
0.37394
0.37408
0.37422
0.37436
0.3745
0.37464
0.37478
0.37492
0.37506
0.3752
0.37534
0.37548
0.37561
0.37575
0.37589
0.37603
0.37616
0.3763
0.37643
0.37657
0.3767
0.37684
0.37697
0.3771
0.37724
0.37737
0.3775
0.37763
0.37777
0.3779
0.37803
0.37816
0.37829
0.37842
0.37855
0.37868
0.37881
0.37893
0.37906
0.37919
0.37932
0.37944
0.37957
0.3797
0.37982
0.37995
0.38007
0.3802
0.38032
0.38044
0.38057
0.38069
0.38081
0.38094
0.38106
0.38118
0.3813
0.38142
0.38154
0.38166
0.38178
0.3819
0.38202
0.38214
0.38225
0.38237
0.38249
0.38261
0.38272
0.38284
0.38295
0.38307
0.38319
0.3833
0.38341
0.38353
0.38364
0.38375
0.38387
0.38398
0.38409
0.3842
0.38431
0.38442
0.38453
0.38464
0.38475
0.38486
0.38497
0.38508
0.38519
0.3853
0.3854
0.38551
0.38562
0.38572
0.38583
0.38593
0.38604
0.38614
0.38625
0.38635
0.38645
0.38656
0.38666
0.38676
0.38686
0.38697
0.38707
0.38717
0.38727
0.38737
0.38747
0.38757
0.38767
0.38776
0.38786
0.38796
0.38806
0.38815
0.38825
0.38835
0.38844
0.38854
0.38863
0.38873
0.38882
0.38891
0.38901
0.3891
0.38919
0.38929
0.38938
0.38947
0.38956
0.38965
0.38974
0.38983
0.38992
0.39001
0.3901
0.39019
0.39027
0.39036
0.39045
0.39053
0.39062
0.39071
0.39079
0.39088
0.39096
0.39105
0.39113
0.39121
0.3913
0.39138
0.39146
0.39154
0.39163
0.39171
0.39179
0.39187
0.39195
0.39203
0.39211
0.39219
0.39226
0.39234
0.39242
0.3925
0.39257
0.39265
0.39273
0.3928
0.39288
0.39295
0.39303
0.3931
0.39318
0.39325
0.39332
0.39339
0.39347
0.39354
0.39361
0.39368
0.39375
0.39382
0.39389
0.39396
0.39403
0.3941
0.39417
0.39424
0.3943
0.39437
0.39444
0.3945
0.39457
0.39463
0.3947
0.39476
0.39483
0.39489
0.39496
0.39502
0.39508
0.39514
0.39521
0.39527
0.39533
0.39539
0.39545
0.39551
0.39557
0.39563
0.39569
0.39575
0.3958
0.39586
0.39592
0.39598
0.39603
0.39609
0.39614
0.3962
0.39625
0.39631
0.39636
0.39642
0.39647
0.39652
0.39657
0.39663
0.39668
0.39673
0.39678
0.39683
0.39688
0.39693
0.39698
0.39703
0.39708
0.39712
0.39717
0.39722
0.39727
0.39731
0.39736
0.3974
0.39745
0.39749
0.39754
0.39758
0.39763
0.39767
0.39771
0.39776
0.3978
0.39784
0.39788
0.39792
0.39796
0.398
0.39804
0.39808
0.39812
0.39816
0.3982
0.39823
0.39827
0.39831
0.39835
0.39838
0.39842
0.39845
0.39849
0.39852
0.39856
0.39859
0.39862
0.39866
0.39869
0.39872
0.39875
0.39878
0.39882
0.39885
0.39888
0.39891
0.39894
0.39896
0.39899
0.39902
0.39905
0.39908
0.3991
0.39913
0.39916
0.39918
0.39921
0.39923
0.39926
0.39928
0.3993
0.39933
0.39935
0.39937
0.3994
0.39942
0.39944
0.39946
0.39948
0.3995
0.39952
0.39954
0.39956
0.39958
0.3996
0.39961
0.39963
0.39965
0.39966
0.39968
0.3997
0.39971
0.39973
0.39974
0.39976
0.39977
0.39978
0.3998
0.39981
0.39982
0.39983
0.39984
0.39985
0.39986
0.39988
0.39988
0.39989
0.3999
0.39991
0.39992
0.39993
0.39994
0.39994
0.39995
0.39996
0.39996
0.39997
0.39997
0.39998
0.39998
0.39998
0.39999
0.39999
0.39999
0.4
0.4
0.4
0.4
0.4
0.4
0.4
0.4
0.4
0.4
0.39999
0.39999
0.39999
0.39999
0.39998
0.39998
0.39998
0.39997
0.39997
0.39996
0.39995
0.39995
0.39994
0.39994
0.39993
0.39992
0.39991
0.3999
0.39989
0.39988
0.39987
0.39986
0.39985
0.39984
0.39983
0.39982
0.39981
0.39979
0.39978
0.39977
0.39975
0.39974
0.39973
0.39971
0.3997
0.39968
0.39966
0.39965
0.39963
0.39961
0.39959
0.39958
0.39956
0.39954
0.39952
0.3995
0.39948
0.39946
0.39944
0.39942
0.39939
0.39937
0.39935
0.39933
0.3993
0.39928
0.39926
0.39923
0.39921
0.39918
0.39915
0.39913
0.3991
0.39908
0.39905
0.39902
0.39899
0.39896
0.39893
0.3989
0.39887
0.39884
0.39881
0.39878
0.39875
0.39872
0.39869
0.39866
0.39862
0.39859
0.39856
0.39852
0.39849
0.39845
0.39842
0.39838
0.39834
0.39831
0.39827
0.39823
0.3982
0.39816
0.39812
0.39808
0.39804
0.398
0.39796
0.39792
0.39788
0.39784
0.3978
0.39775
0.39771
0.39767
0.39763
0.39758
0.39754
0.39749
0.39745
0.3974
0.39736
0.39731
0.39726
0.39722
0.39717
0.39712
0.39707
0.39703
0.39698
0.39693
0.39688
0.39683
0.39678
0.39673
0.39668
0.39662
0.39657
0.39652
0.39647
0.39641
0.39636
0.39631
0.39625
0.3962
0.39614
0.39609
0.39603
0.39597
0.39592
0.39586
0.3958
0.39574
0.39568
0.39563
0.39557
0.39551
0.39545
0.39539
0.39533
0.39527
0.3952
0.39514
0.39508
0.39502
0.39495
0.39489
0.39483
0.39476
0.3947
0.39463
0.39457
0.3945
0.39443
0.39437
0.3943
0.39423
0.39416
0.3941
0.39403
0.39396
0.39389
0.39382
0.39375
0.39368
0.39361
0.39354
0.39346
0.39339
0.39332
0.39325
0.39317
0.3931
0.39303
0.39295
0.39288
0.3928
0.39272
0.39265
0.39257
0.39249
0.39242
0.39234
0.39226
0.39218
0.3921
0.39203
0.39195
0.39187
0.39178
0.3917
0.39162
0.39154
0.39146
0.39138
0.39129
0.39121
0.39113
0.39104
0.39096
0.39087
0.39079
0.3907
0.39062
0.39053
0.39044
0.39036
0.39027
0.39018
0.39009
0.39001
0.38992
0.38983
0.38974
0.38965
0.38956
0.38946
0.38937
0.38928
0.38919
0.3891
0.389
0.38891
0.38882
0.38872
0.38863
0.38853
0.38844
0.38834
0.38825
0.38815
0.38805
0.38796
0.38786
0.38776
0.38766
0.38756
0.38746
0.38736
0.38726
0.38716
0.38706
0.38696
0.38686
0.38676
0.38666
0.38655
0.38645
0.38635
0.38624
0.38614
0.38604
0.38593
0.38582
0.38572
0.38561
0.38551
0.3854
0.38529
0.38518
0.38508
0.38497
0.38486
0.38475
0.38464
0.38453
0.38442
0.38431
0.3842
0.38409
0.38397
0.38386
0.38375
0.38364
0.38352
0.38341
0.3833
0.38318
0.38307
0.38295
0.38283
0.38272
0.3826
0.38249
0.38237
0.38225
0.38213
0.38201
0.3819
0.38178
0.38166
0.38154
0.38142
0.3813
0.38117
0.38105
0.38093
0.38081
0.38069
0.38056
0.38044
0.38032
0.38019
0.38007
0.37994
0.37982
0.37969
0.37957
0.37944
0.37931
0.37919
0.37906
0.37893
0.3788
0.37867
0.37854
0.37841
0.37828
0.37815
0.37802
0.37789
0.37776
0.37763
0.3775
0.37737
0.37723
0.3771
0.37697
0.37683
0.3767
0.37656
0.37643
0.37629
0.37616
0.37602
0.37588
0.37575
0.37561
0.37547
0.37533
0.37519
0.37506
0.37492
0.37478
0.37464
0.3745
0.37436
0.37422
0.37407
0.37393
0.37379
0.37365
0.3735
0.37336
0.37322
0.37307
0.37293
0.37278
0.37264
0.37249
0.37235
0.3722
0.37205
0.37191
0.37176
0.37161
0.37146
0.37131
0.37117
0.37102
0.37087
0.37072
0.37057
0.37042
0.37026
0.37011
0.36996
0.36981
0.36966
0.3695
0.36935
0.3692
0.36904
0.36889
0.36873
0.36858
0.36842
0.36827
0.36811
0.36795
0.3678
0.36764
0.36748
0.36732
0.36716
0.367
0.36685
0.36669
0.36653
0.36637
0.3662
0.36604
0.36588
0.36572
0.36556
0.3654
0.36523
0.36507
0.36491
0.36474
0.36458
0.36441
0.36425
0.36408
0.36392
0.36375
0.36358
0.36342
0.36325
0.36308
0.36291
0.36274
0.36258
0.36241
0.36224
0.36207
0.3619
0.36173
0.36156
0.36138
0.36121
0.36104
0.36087
0.3607
0.36052
0.36035
0.36018
0.36
0.35983
0.35965
0.35948
0.3593
0.35913
0.35895
0.35877
0.3586
0.35842
0.35824
0.35806
0.35788
0.3577
0.35753
0.35735
0.35717
0.35699
0.3568
0.35662
0.35644
0.35626
0.35608
0.3559
0.35571
0.35553
0.35535
0.35516
0.35498
0.35479
0.35461
0.35442
0.35424
0.35405
0.35387
0.35368
0.35349
0.35331
0.35312
0.35293
0.35274
0.35255
0.35236
0.35217
0.35198
0.35179
0.3516
0.35141
0.35122
0.35103
0.35084
0.35065
0.35045
0.35026
0.35007
0.34987
0.34968
0.34948
0.34929
0.34909
0.3489
0.3487
0.34851
0.34831
0.34811
0.34792
0.34772
0.34752
0.34732
0.34712
0.34693
0.34673
0.34653
0.34633
0.34613
0.34593
0.34572
0.34552
0.34532
0.34512
0.34492
0.34471
0.34451
0.34431
0.3441
0.3439
0.3437
0.34349
0.34329
0.34308
0.34287
0.34267
0.34246
0.34225
0.34205
0.34184
0.34163
0.34142
0.34121
0.34101
0.3408
0.34059
0.34038
0.34017
0.33996
0.33975
0.33953
0.33932
0.33911
0.3389
0.33869
0.33847
0.33826
0.33805
0.33783
0.33762
0.3374
0.33719
0.33697
0.33676
0.33654
0.33632
0.33611
0.33589
0.33567
0.33546
0.33524
0.33502
0.3348
0.33458
0.33436
0.33414
0.33392
0.3337
0.33348
0.33326
0.33304
0.33282
0.33259
0.33237
0.33215
0.33193
0.3317
0.33148
0.33126
0.33103
0.33081
0.33058
0.33036
0.33013
0.3299
0.32968
0.32945
0.32922
0.329
0.32877
0.32854
0.32831
0.32808
0.32785
0.32763
0.3274
0.32717
0.32694
0.32671
0.32647
0.32624
0.32601
0.32578
0.32555
0.32531
0.32508
0.32485
0.32461
0.32438
0.32415
0.32391
0.32368
0.32344
0.32321
0.32297
0.32273
0.3225
0.32226
0.32202
0.32179
0.32155
0.32131
0.32107
0.32083
0.32059
0.32036
0.32012
0.31988
0.31964
0.31939
0.31915
0.31891
0.31867
0.31843
0.31819
0.31794
0.3177
0.31746
0.31721
0.31697
0.31673
0.31648
0.31624
0.31599
0.31575
0.3155
0.31526
0.31501
0.31476
0.31452
0.31427
0.31402
0.31377
0.31352
0.31328
0.31303
0.31278
0.31253
0.31228
0.31203
0.31178
0.31153
0.31128
0.31102
0.31077
0.31052
0.31027
0.31002
0.30976
0.30951
0.30926
0.309
0.30875
0.30849
0.30824
0.30798
0.30773
0.30747
0.30722
0.30696
0.3067
0.30645
0.30619
0.30593
0.30567
0.30542
0.30516
0.3049
0.30464
0.30438
0.30412
0.30386
0.3036
0.30334
0.30308
0.30282
0.30256
0.30229
0.30203
0.30177
0.30151
0.30124
0.30098
0.30072
0.30045
0.30019
0.29992
0.29966
0.29939
0.29913
0.29886
0.2986
0.29833
0.29806
0.2978
0.29753
0.29726
0.297
0.29673
0.29646
0.29619
0.29592
0.29565
0.29538
0.29511
0.29484
0.29457
0.2943
0.29403
0.29376
0.29349
0.29322
0.29294
0.29267
0.2924
0.29212
0.29185
0.29158
0.2913
0.29103
0.29075
0.29048
0.2902
0.28993
0.28965
0.28938
0.2891
0.28882
0.28855
0.28827
0.28799
0.28772
0.28744
0.28716
0.28688
0.2866
0.28632
0.28604
0.28576
0.28548
0.2852
0.28492
0.28464
0.28436
0.28408
0.2838
0.28352
0.28323
0.28295
0.28267
0.28238
0.2821
0.28182
0.28153
0.28125
0.28096
0.28068
0.28039
0.28011
0.27982
0.27954
0.27925
0.27896
0.27868
0.27839
0.2781
0.27782
0.27753
0.27724
0.27695
0.27666
0.27637
0.27608
0.27579
0.2755
0.27521
0.27492
0.27463
0.27434
0.27405
0.27376
0.27347
0.27318
0.27288
0.27259
0.2723
0.272
0.27171
0.27142
0.27112
0.27083
0.27053
0.27024
0.26994
0.26965
0.26935
0.26906
0.26876
0.26847
0.26817
0.26787
0.26757
0.26728
0.26698
0.26668
0.26638
0.26608
0.26579
0.26549
0.26519
0.26489
0.26459
0.26429
0.26399
0.26369
0.26339
0.26309
0.26278
0.26248
0.26218
0.26188
0.26158
0.26127
0.26097
0.26067
0.26036
0.26006
0.25975
0.25945
0.25915
0.25884
0.25854
0.25823
0.25793
0.25762
0.25731
0.25701
0.2567
0.25639
0.25609
0.25578
0.25547
0.25516
0.25485
0.25455
0.25424
0.25393
0.25362
0.25331
0.253
0.25269
0.25238
0.25207
0.25176
0.25145
0.25114
0.25083
0.25051
0.2502
0.24989
0.24958
0.24926
0.24895
0.24864
0.24832
0.24801
0.2477
0.24738
0.24707
0.24675
0.24644
0.24612
0.24581
0.24549
0.24518
0.24486
0.24454
0.24423
0.24391
0.24359
0.24328
0.24296
0.24264
0.24232
0.242
0.24169
0.24137
0.24105
0.24073
0.24041
0.24009
0.23977
0.23945
0.23913
0.23881
0.23849
0.23816
0.23784
0.23752
0.2372
0.23688
0.23655
0.23623
0.23591
0.23559
0.23526
0.23494
0.23462
0.23429
0.23397
0.23364
0.23332
0.23299
0.23267
0.23234
0.23202
0.23169
0.23136
0.23104
0.23071
0.23038
0.23006
0.22973
0.2294
0.22907
0.22875
0.22842
0.22809
0.22776
0.22743
0.2271
0.22677
0.22644
0.22611
0.22578
0.22545
0.22512
0.22479
0.22446
0.22413
0.2238
0.22347
0.22314
0.2228
0.22247
0.22214
0.22181
0.22147
0.22114
0.22081
0.22047
0.22014
0.2198
0.21947
0.21914
0.2188
0.21847
0.21813
0.21779
0.21746
0.21712
0.21679
0.21645
0.21611
0.21578
0.21544
0.2151
0.21477
0.21443
0.21409
0.21375
0.21342
0.21308
0.21274
0.2124
0.21206
0.21172
0.21138
0.21104
0.2107
0.21036
0.21002
0.20968
0.20934
0.209
0.20866
0.20832
0.20798
0.20763
0.20729
0.20695
0.20661
0.20626
0.20592
0.20558
0.20523
0.20489
0.20455
0.2042
0.20386
0.20352
0.20317
0.20283
0.20248
0.20214
0.20179
0.20145
0.2011
0.20075
0.20041
0.20006
0.19972
0.19937
0.19902
0.19867
0.19833
0.19798
0.19763
0.19728
0.19694
0.19659
0.19624
0.19589
0.19554
0.19519
0.19484
0.19449
0.19415
0.1938
0.19345
0.1931
0.19274
0.19239
0.19204
0.19169
0.19134
0.19099
0.19064
0.19029
0.18993
0.18958
0.18923
0.18888
0.18852
0.18817
0.18782
0.18747
0.18711
0.18676
0.1864
0.18605
0.1857
0.18534
0.18499
0.18463
0.18428
0.18392
0.18357
0.18321
0.18286
0.1825
0.18214
0.18179
0.18143
0.18108
0.18072
0.18036
0.18
0.17965
0.17929
0.17893
0.17857
0.17822
0.17786
0.1775
0.17714
0.17678
0.17642
0.17606
0.17571
0.17535
0.17499
0.17463
0.17427
0.17391
0.17355
0.17319
0.17282
0.17246
0.1721
0.17174
0.17138
0.17102
0.17066
0.1703
0.16993
0.16957
0.16921
0.16885
0.16848
0.16812
0.16776
0.16739
0.16703
0.16667
0.1663
0.16594
0.16558
0.16521
0.16485
0.16448
0.16412
0.16375
0.16339
0.16302
0.16266
0.16229
0.16193
0.16156
0.16119
0.16083
0.16046
0.1601
0.15973
0.15936
0.159
0.15863
0.15826
0.15789
0.15753
0.15716
0.15679
0.15642
0.15605
0.15569
0.15532
0.15495
0.15458
0.15421
0.15384
0.15347
0.1531
0.15273
0.15236
0.15199
0.15162
0.15125
0.15088
0.15051
0.15014
0.14977
0.1494
0.14903
0.14866
0.14829
0.14791
0.14754
0.14717
0.1468
0.14643
0.14605
0.14568
0.14531
0.14494
0.14456
0.14419
0.14382
0.14344
0.14307
0.1427
0.14232
0.14195
0.14158
0.1412
0.14083
0.14045
0.14008
0.1397
0.13933
0.13895
0.13858
0.1382
0.13783
0.13745
0.13708
0.1367
0.13632
0.13595
0.13557
0.1352
0.13482
0.13444
0.13407
0.13369
0.13331
0.13293
0.13256
0.13218
0.1318
0.13142
0.13105
0.13067
0.13029
0.12991
0.12953
0.12915
0.12878
0.1284
0.12802
0.12764
0.12726
0.12688
0.1265
0.12612
0.12574
0.12536
0.12498
0.1246
0.12422
0.12384
0.12346
0.12308
0.1227
0.12232
0.12194
0.12156
0.12118
0.1208
0.12041
0.12003
0.11965
0.11927
0.11889
0.11851
0.11812
0.11774
0.11736
0.11698
0.11659
0.11621
0.11583
0.11545
0.11506
0.11468
0.1143
0.11391
0.11353
0.11315
0.11276
0.11238
0.11199
0.11161
0.11123
0.11084
0.11046
0.11007
0.10969
0.1093
0.10892
0.10853
0.10815
0.10776
0.10738
0.10699
0.10661
0.10622
0.10584
0.10545
0.10506
0.10468
0.10429
0.10391
0.10352
0.10313
0.10275
0.10236
0.10197
0.10159
0.1012
0.10081
0.10043
0.10004
0.099651
0.099263
0.098876
0.098488
0.0981
0.097712
0.097324
0.096936
0.096548
0.09616
0.095772
0.095383
0.094995
0.094606
0.094217
0.093829
0.09344
0.093051
0.092662
0.092273
0.091883
0.091494
0.091105
0.090715
0.090325
0.089936
0.089546
0.089156
0.088766
0.088376
0.087986
0.087596
0.087205
0.086815
0.086424
0.086034
0.085643
0.085252
0.084861
0.08447
0.084079
0.083688
0.083297
0.082906
0.082514
0.082123
0.081732
0.08134
0.080948
0.080556
0.080165
0.079773
0.079381
0.078989
0.078596
0.078204
0.077812
0.077419
0.077027
0.076634
0.076242
0.075849
0.075456
0.075063
0.074671
0.074278
0.073884
0.073491
0.073098
0.072705
0.072311
0.071918
0.071524
0.071131
0.070737
0.070343
0.06995
0.069556
0.069162
0.068768
0.068374
0.06798
0.067585
0.067191
0.066797
0.066402
0.066008
0.065613
0.065219
0.064824
0.064429
0.064034
0.06364
0.063245
0.06285
0.062455
0.062059
0.061664
0.061269
0.060874
0.060478
0.060083
0.059687
0.059292
0.058896
0.058501
0.058105
0.057709
0.057313
0.056917
0.056521
0.056125
0.055729
0.055333
0.054937
0.054541
0.054144
0.053748
0.053352
0.052955
0.052559
0.052162
0.051766
0.051369
0.050972
0.050575
0.050179
0.049782
0.049385
0.048988
0.048591
0.048194
0.047797
0.0474
0.047002
0.046605
0.046208
0.04581
0.045413
0.045016
0.044618
0.044221
0.043823
0.043425
0.043028
0.04263
0.042232
0.041835
0.041437
0.041039
0.040641
0.040243
0.039845
0.039447
0.039049
0.038651
0.038253
0.037854
0.037456
0.037058
0.03666
0.036261
0.035863
0.035465
0.035066
0.034668
0.034269
0.033871
0.033472
0.033073
0.032675
0.032276
0.031877
0.031479
0.03108
0.030681
0.030282
0.029883
0.029484
0.029085
0.028687
0.028288
0.027889
0.027489
0.02709
0.026691
0.026292
0.025893
0.025494
0.025095
0.024695
0.024296
0.023897
0.023498
0.023098
0.022699
0.0223
0.0219
0.021501
0.021101
0.020702
0.020302
0.019903
0.019503
0.019104
0.018704
0.018305
0.017905
0.017506
0.017106
0.016706
0.016307
0.015907
0.015507
0.015108
0.014708
0.014308
0.013908
0.013509
0.013109
0.012709
0.012309
0.011909
0.01151
0.01111
0.01071
0.01031
0.0099102
0.0095103
0.0091104
0.0087105
0.0083106
0.0079107
0.0075107
0.0071108
0.0067109
0.0063109
0.005911
0.005511
0.005111
0.0047111
0.0043111
0.0039111
0.0035111
0.0031112
0.0027112
0.0023112
0.0019112
0.0015112
0.0011112
0.00071118
0.00031118
-8.8816e-05
-0.00048882
-0.00088881
-0.0012888
-0.0016888
-0.0020888
-0.0024888
-0.0028888
-0.0032888
-0.0036888
-0.0040887
-0.0044887
-0.0048887
-0.0052887
-0.0056886
-0.0060886
-0.0064885
-0.0068885
-0.0072884
-0.0076883
-0.0080883
-0.0084882
-0.0088881
-0.009288
-0.0096879
-0.010088
-0.010488
-0.010887
-0.011287
-0.011687
-0.012087
-0.012487
-0.012887
-0.013286
-0.013686
-0.014086
-0.014486
-0.014885
-0.015285
-0.015685
-0.016084
-0.016484
-0.016884
-0.017283
-0.017683
-0.018083
-0.018482
-0.018882
-0.019281
-0.019681
-0.02008
-0.02048
-0.020879
-0.021279
-0.021678
-0.022078
-0.022477
-0.022876
-0.023276
-0.023675
-0.024074
-0.024474
-0.024873
-0.025272
-0.025671
-0.02607
-0.026469
-0.026869
-0.027268
-0.027667
-0.028066
-0.028465
-0.028864
-0.029263
-0.029662
-0.03006
-0.030459
-0.030858
-0.031257
-0.031656
-0.032054
-0.032453
-0.032852
-0.03325
-0.033649
-0.034048
-0.034446
-0.034845
-0.035243
-0.035641
-0.03604
-0.036438
-0.036837
-0.037235
-0.037633
-0.038031
-0.038429
-0.038828
-0.039226
-0.039624
-0.040022
-0.04042
-0.040818
-0.041216
-0.041613
-0.042011
-0.042409
-0.042807
-0.043204
-0.043602
-0.044
-0.044397
-0.044795
-0.045192
-0.04559
-0.045987
-0.046384
-0.046782
-0.047179
-0.047576
-0.047973
-0.04837
-0.048767
-0.049164
-0.049561
-0.049958
-0.050355
-0.050752
-0.051148
-0.051545
-0.051942
-0.052338
-0.052735
-0.053131
-0.053528
-0.053924
-0.05432
-0.054717
-0.055113
-0.055509
-0.055905
-0.056301
-0.056697
-0.057093
-0.057489
-0.057885
-0.058281
-0.058676
-0.059072
-0.059468
-0.059863
-0.060259
-0.060654
-0.061049
-0.061445
-0.06184
-0.062235
-0.06263
-0.063025
-0.06342
-0.063815
-0.06421
-0.064605
-0.064999
-0.065394
-0.065789
-0.066183
-0.066578
-0.066972
-0.067366
-0.06776
-0.068155
-0.068549
-0.068943
-0.069337
-0.069731
-0.070125
-0.070518
-0.070912
-0.071306
-0.071699
-0.072093
-0.072486
-0.072879
-0.073273
-0.073666
-0.074059
-0.074452
-0.074845
-0.075238
-0.075631
-0.076024
-0.076416
-0.076809
-0.077201
-0.077594
-0.077986
-0.078378
-0.078771
-0.079163
-0.079555
-0.079947
-0.080339
-0.08073
-0.081122
-0.081514
-0.081905
-0.082297
-0.082688
-0.08308
-0.083471
-0.083862
-0.084253
-0.084644
-0.085035
-0.085426
-0.085816
-0.086207
-0.086598
-0.086988
-0.087379
-0.087769
-0.088159
-0.088549
-0.088939
-0.089329
-0.089719
-0.090109
-0.090498
-0.090888
-0.091277
-0.091667
-0.092056
-0.092445
-0.092835
-0.093224
-0.093613
-0.094001
-0.09439
-0.094779
-0.095167
-0.095556
-0.095944
-0.096332
-0.096721
-0.097109
-0.097497
-0.097885
-0.098272
-0.09866
-0.099048
-0.099435
-0.099823
-0.10021
-0.1006
-0.10098
-0.10137
-0.10176
-0.10214
-0.10253
-0.10292
-0.1033
-0.10369
-0.10408
-0.10446
-0.10485
-0.10524
-0.10562
-0.10601
-0.10639
-0.10678
-0.10716
-0.10755
-0.10793
-0.10832
-0.1087
-0.10909
-0.10947
-0.10986
-0.11024
-0.11063
-0.11101
-0.1114
-0.11178
-0.11216
-0.11255
-0.11293
-0.11332
-0.1137
-0.11408
-0.11447
-0.11485
-0.11523
-0.11562
-0.116
-0.11638
-0.11676
-0.11715
-0.11753
-0.11791
-0.11829
-0.11867
-0.11906
-0.11944
-0.11982
-0.1202
-0.12058
-0.12096
-0.12135
-0.12173
-0.12211
-0.12249
-0.12287
-0.12325
-0.12363
-0.12401
-0.12439
-0.12477
-0.12515
-0.12553
-0.12591
-0.12629
-0.12667
-0.12705
-0.12743
-0.12781
-0.12819
-0.12857
-0.12894
-0.12932
-0.1297
-0.13008
-0.13046
-0.13084
-0.13121
-0.13159
-0.13197
-0.13235
-0.13272
-0.1331
-0.13348
-0.13386
-0.13423
-0.13461
-0.13499
-0.13536
-0.13574
-0.13611
-0.13649
-0.13687
-0.13724
-0.13762
-0.13799
-0.13837
-0.13874
-0.13912
-0.13949
-0.13987
-0.14024
-0.14062
-0.14099
-0.14137
-0.14174
-0.14212
-0.14249
-0.14286
-0.14324
-0.14361
-0.14398
-0.14436
-0.14473
-0.1451
-0.14547
-0.14585
-0.14622
-0.14659
-0.14696
-0.14734
-0.14771
-0.14808
-0.14845
-0.14882
-0.14919
-0.14956
-0.14994
-0.15031
-0.15068
-0.15105
-0.15142
-0.15179
-0.15216
-0.15253
-0.1529
-0.15327
-0.15364
-0.15401
-0.15437
-0.15474
-0.15511
-0.15548
-0.15585
-0.15622
-0.15659
-0.15695
-0.15732
-0.15769
-0.15806
-0.15842
-0.15879
-0.15916
-0.15953
-0.15989
-0.16026
-0.16062
-0.16099
-0.16136
-0.16172
-0.16209
-0.16245
-0.16282
-0.16319
-0.16355
-0.16392
-0.16428
-0.16464
-0.16501
-0.16537
-0.16574
-0.1661
-0.16647
-0.16683
-0.16719
-0.16756
-0.16792
-0.16828
-0.16864
-0.16901
-0.16937
-0.16973
-0.17009
-0.17046
-0.17082
-0.17118
-0.17154
-0.1719
-0.17226
-0.17262
-0.17298
-0.17335
-0.17371
-0.17407
-0.17443
-0.17479
-0.17515
-0.17551
-0.17586
-0.17622
-0.17658
-0.17694
-0.1773
-0.17766
-0.17802
-0.17838
-0.17873
-0.17909
-0.17945
-0.17981
-0.18016
-0.18052
-0.18088
-0.18123
-0.18159
-0.18195
-0.1823
-0.18266
-0.18301
-0.18337
-0.18373
-0.18408
-0.18444
-0.18479
-0.18515
-0.1855
-0.18585
-0.18621
-0.18656
-0.18692
-0.18727
-0.18762
-0.18798
-0.18833
-0.18868
-0.18903
-0.18939
-0.18974
-0.19009
-0.19044
-0.19079
-0.19115
-0.1915
-0.19185
-0.1922
-0.19255
-0.1929
-0.19325
-0.1936
-0.19395
-0.1943
-0.19465
-0.195
-0.19535
-0.1957
-0.19605
-0.19639
-0.19674
-0.19709
-0.19744
-0.19779
-0.19813
-0.19848
-0.19883
-0.19918
-0.19952
-0.19987
-0.20022
-0.20056
-0.20091
-0.20125
-0.2016
-0.20194
-0.20229
-0.20263
-0.20298
-0.20332
-0.20367
-0.20401
-0.20436
-0.2047
-0.20504
-0.20539
-0.20573
-0.20607
-0.20642
-0.20676
-0.2071
-0.20744
-0.20779
-0.20813
-0.20847
-0.20881
-0.20915
-0.20949
-0.20983
-0.21017
-0.21051
-0.21085
-0.21119
-0.21153
-0.21187
-0.21221
-0.21255
-0.21289
-0.21323
-0.21357
-0.2139
-0.21424
-0.21458
-0.21492
-0.21525
-0.21559
-0.21593
-0.21626
-0.2166
-0.21694
-0.21727
-0.21761
